438
0
2,3,57,83
39000
2,1,330,1
16000
2,3,53,179
15000
2,3,54,1590
14000
2,3,48,6
75000
2,0,0,0
1144000
11,2,3,3
8000
11,0,0,0
7470000
2,3,49,5
5000
2,0,0,0
10917000
2,3,53,178
11000
2,3,49,4
2000
2,0,0,0
10803000
2,3,53,177
5000
2,3,54,1592
3000
2,3,48,8
3000
2,3,49,7
3000
2,0,0,0
10538000
2,3,57,4294967295
16000
2,1,330,0
2000
2,0,0,0
12988000
11,2,3,3
5000
11,0,0,0
129894000
2,3,57,84
25000
2,1,330,1
5000
2,3,53,450
3000
2,3,54,1371
5000
2,3,48,6
2000
2,3,49,6
42000
2,0,0,0
49925000
11,2,3,3
17000
11,0,0,0
4661000
2,3,53,451
8000
2,0,0,0
11246000
2,3,53,455
21000
2,3,54,1373
3000
2,3,48,7
2000
2,3,49,7
4000
2,0,0,0
10227000
2,3,57,4294967295
40000
2,1,330,0
2000
2,0,0,0
33204000
11,2,3,3
6000
11,0,0,0
470856000
2,3,57,85
12000
2,1,330,1
5000
2,3,53,958
4000
2,3,54,1388
5000
2,3,48,5
3000
2,3,49,5
25000
2,0,0,0
10753000
2,3,48,6
7000
2,0,0,0
21850000
2,3,54,1387
8000
2,0,0,0
32936000
2,3,53,957
19000
2,3,48,7
5000
2,0,0,0
10528000
2,3,53,956
8000
2,3,49,6
3000
2,0,0,0
10557000
2,3,57,4294967295
21000
2,1,330,0
3000
2,0,0,0
635632000
2,3,57,86
34000
2,1,330,1
18000
2,3,53,135
16000
2,3,54,1624
15000
2,3,48,6
15000
2,3,49,4
77000
2,0,0,0
10432000
2,3,49,5
11000
2,0,0,0
21849000
2,3,48,7
9000
2,0,0,0
11035000
2,3,49,6
14000
2,0,0,0
10479000
2,3,57,4294967295
35000
2,1,330,0
2000
2,0,0,0
175543000
2,3,57,87
18000
2,1,330,1
5000
2,3,53,411
4000
2,3,54,1399
4000
2,3,48,6
23000
2,0,0,0
54805000
2,3,49,5
22000
2,0,0,0
11009000
2,3,53,413
4000
2,3,54,1400
2000
2,3,48,7
3000
2,3,49,6
3000
2,0,0,0
10590000
2,3,57,4294967295
54000
2,1,330,0
3000
2,0,0,0
470785000
2,3,57,88
13000
2,1,330,1
4000
2,3,53,933
5000
2,3,54,1406
4000
2,3,48,6
4000
2,3,49,4
26000
2,0,0,0
22039000
2,3,53,932
9000
2,0,0,0
10775000
2,3,53,931
8000
2,0,0,0
11089000
2,3,53,930
10000
2,0,0,0
10837000
2,3,48,7
5000
2,3,49,6
3000
2,0,0,0
10510000
2,3,57,4294967295
43000
2,1,330,0
2000
2,0,0,0
559055000
2,3,57,89
30000
2,1,330,1
16000
2,3,53,119
14000
2,3,54,1629
14000
2,3,48,6
13000
2,3,49,5
71000
2,0,0,0
10107000
2,3,54,1628
11000
2,0,0,0
10865000
2,3,53,121
5000
2,3,54,1626
5000
2,0,0,0
10971000
2,3,53,126
11000
2,3,54,1624
6000
2,0,0,0
10985000
2,3,53,132
18000
2,3,54,1622
9000
2,0,0,0
10865000
2,3,53,137
6000
2,3,54,1620
5000
2,0,0,0
11080000
2,3,53,141
19000
2,3,54,1619
8000
2,0,0,0
10774000
2,3,53,142
10000
2,0,0,0
11065000
2,3,48,7
5000
2,3,49,6
3000
2,0,0,0
10530000
2,3,57,4294967295
43000
2,1,330,0
2000
2,0,0,0
98875000
2,3,57,90
26000
2,1,330,1
5000
2,3,53,403
3000
2,3,54,1377
51000
2,0,0,0
10890000
2,3,53,402
10000
2,0,0,0
10936000
2,3,49,7
5000
2,0,0,0
21905000
2,3,49,6
6000
2,0,0,0
32655000
2,3,53,403
9000
2,3,54,1378
4000
2,3,48,8
2000
2,3,49,8
5000
2,0,0,0
10416000
2,3,57,4294967295
63000
2,1,330,0
2000
2,0,0,0
745397000
2,3,57,91
35000
2,1,330,1
18000
2,3,53,950
15000
2,3,54,1784
16000
2,3,48,6
11000
2,3,49,6
76000
2,0,0,0
10318000
2,3,53,949
10000
2,0,0,0
10917000
2,3,53,948
8000
2,0,0,0
10949000
2,3,53,947
8000
2,3,54,1783
5000
2,0,0,0
21860000
2,3,53,946
6000
2,3,54,1782
4000
2,0,0,0
10915000
2,3,54,1781
8000
2,0,0,0
10995000
2,3,53,945
6000
2,3,54,1780
5000
2,0,0,0
10694000
2,3,53,944
5000
2,3,54,1779
3000
2,3,48,7
1000
2,3,49,7
3000
2,0,0,0
10484000
2,3,57,4294967295
37000
2,1,330,0
2000
2,0,0,0
953317000
2,3,57,92
34000
2,1,330,1
18000
2,3,53,132
15000
2,3,54,944
21000
2,3,49,6
72000
2,0,0,0
10294000
2,3,54,943
9000
2,0,0,0
21867000
2,3,54,942
9000
2,0,0,0
11017000
2,3,54,941
7000
2,3,49,5
3000
2,0,0,0
10899000
2,3,54,940
8000
2,3,49,6
3000
2,0,0,0
10852000
2,3,48,8
5000
2,3,49,8
3000
2,0,0,0
10409000
2,3,57,4294967295
23000
2,1,330,0
3000
2,0,0,0
1030059000
2,3,57,93
33000
2,1,330,1
18000
2,3,53,140
15000
2,3,54,1607
16000
2,3,48,6
14000
2,3,49,4
69000
2,0,0,0
10110000
2,3,54,1606
7000
2,3,49,5
4000
2,0,0,0
10920000
2,3,54,1605
9000
2,0,0,0
11064000
2,3,54,1604
30000
2,0,0,0
10832000
2,3,53,141
9000
2,3,54,1603
6000
2,0,0,0
10875000
2,3,53,142
5000
2,3,54,1602
5000
2,0,0,0
11048000
2,3,53,143
21000
2,3,49,4
3000
2,0,0,0
10745000
2,3,48,7
6000
2,3,49,6
4000
2,0,0,0
10538000
2,3,57,4294967295
22000
2,1,330,0
2000
2,0,0,0
99272000
2,3,57,94
12000
2,1,330,1
5000
2,3,53,662
4000
2,3,54,1369
4000
2,3,48,6
23000
2,0,0,0
10956000
2,3,53,661
9000
2,0,0,0
32806000
2,3,53,660
11000
2,0,0,0
10844000
2,3,53,659
8000
2,3,54,1371
4000
2,0,0,0
10798000
2,3,53,658
19000
2,3,54,1374
3000
2,3,48,8
3000
2,3,49,7
4000
2,0,0,0
10375000
2,3,57,4294967295
27000
2,1,330,0
2000
2,0,0,0
361621000
2,3,57,95
18000
2,1,330,1
5000
2,3,53,676
3000
2,3,54,1020
4000
2,3,48,7
4000
2,3,49,6
22000
2,0,0,0
11201000
2,3,53,675
9000
2,0,0,0
32751000
2,3,49,7
19000
2,0,0,0
10612000
2,3,54,1021
6000
2,3,48,9
2000
2,3,49,8
3000
2,0,0,0
10460000
2,3,57,4294967295
48000
2,1,330,0
2000
2,0,0,0
591897000
2,3,57,96
31000
2,1,330,1
17000
2,3,53,137
13000
2,3,54,1626
15000
2,3,48,7
14000
2,3,49,5
71000
2,0,0,0
10228000
2,3,54,1625
6000
2,3,48,6
3000
2,3,49,4
3000
2,0,0,0
10934000
2,3,54,1624
8000
2,0,0,0
10940000
2,3,53,138
4000
2,3,54,1623
4000
2,3,49,5
3000
2,0,0,0
11001000
2,3,53,139
11000
2,3,54,1621
5000
2,3,49,4
3000
2,0,0,0
10861000
2,3,53,140
5000
2,3,54,1619
5000
2,0,0,0
10928000
2,3,53,141
6000
2,3,54,1618
5000
2,0,0,0
11055000
2,3,53,142
20000
2,3,49,5
4000
2,0,0,0
10741000
2,3,48,7
6000
2,3,49,6
3000
2,0,0,0
10537000
2,3,57,4294967295
23000
2,1,330,0
2000
2,0,0,0
142717000
2,3,57,97
23000
2,1,330,1
4000
2,3,53,680
4000
2,3,54,1413
4000
2,3,48,6
3000
2,3,49,5
24000
2,0,0,0
11108000
2,3,53,679
6000
2,3,54,1412
4000
2,3,49,4
3000
2,0,0,0
54717000
2,3,48,7
6000
2,3,49,6
3000
2,0,0,0
10401000
2,3,57,4294967295
22000
2,1,330,0
2000
2,0,0,0
405486000
2,3,57,98
19000
2,1,330,1
6000
2,3,54,952
25000
2,0,0,0
32794000
2,3,49,7
7000
2,0,0,0
10679000
2,3,54,953
13000
2,3,48,9
2000
2,3,49,8
3000
2,0,0,0
10558000
2,3,57,4294967295
42000
2,1,330,0
2000
2,0,0,0
613569000
2,3,57,99
31000
2,1,330,1
17000
2,3,53,149
14000
2,3,54,1633
14000
2,3,48,6
14000
2,3,49,5
76000
2,0,0,0
10413000
2,3,54,1632
8000
2,0,0,0
21870000
2,3,54,1631
7000
2,0,0,0
21834000
2,3,54,1630
8000
2,0,0,0
10995000
2,3,48,7
6000
2,3,49,6
3000
2,0,0,0
10527000
2,3,57,4294967295
38000
2,1,330,0
3000
2,0,0,0
109918000
2,3,57,100
17000
2,1,330,1
5000
2,3,53,679
4000
2,3,54,1373
4000
2,3,48,6
23000
2,0,0,0
11121000
2,3,53,678
9000
2,3,48,7
5000
2,0,0,0
10852000
2,3,53,677
17000
2,0,0,0
10886000
2,3,53,676
10000
2,0,0,0
11032000
2,3,53,675
19000
2,3,48,6
4000
2,0,0,0
10842000
2,3,53,674
10000
2,3,54,1375
4000
2,3,49,5
3000
2,0,0,0
10925000
2,3,53,673
5000
2,3,54,1382
3000
2,3,48,7
4000
2,0,0,0
10616000
2,3,57,4294967295
64000
2,1,330,0
3000
2,0,0,0
492876000
2,3,57,101
14000
2,1,330,1
5000
2,3,53,923
4000
2,3,54,1814
4000
2,3,48,5
4000
2,3,49,4
26000
2,0,0,0
43623000
2,3,48,6
24000
2,0,0,0
10918000
2,3,53,924
7000
2,3,54,1813
4000
2,3,48,7
3000
2,3,49,6
4000
2,0,0,0
10290000
2,3,57,4294967295
31000
2,1,330,0
2000
2,0,0,0
1007727000
2,3,57,102
35000
2,1,330,1
17000
2,3,53,153
16000
2,3,54,986
15000
2,3,48,6
15000
2,3,49,4
80000
2,0,0,0
10296000
2,3,54,985
7000
2,3,49,5
3000
2,0,0,0
10890000
2,3,53,152
8000
2,0,0,0
10971000
2,3,53,151
5000
2,3,54,984
5000
2,0,0,0
11128000
2,3,53,150
5000
2,3,54,983
4000
2,3,48,7
3000
2,3,49,6
3000
2,0,0,0
10472000
2,3,57,4294967295
24000
2,1,330,0
2000
2,0,0,0
