0
9135.3
10008.15
10903.8
12719.349999999999
19061.100000000006
11795.599999999991
11815.800000000003
12576.550000000003
17498.850000000006
13005.149999999994
12552.649999999994
15334.700000000012
14172.149999999994
10286.200000000012
10970.0
10382.099999999977
15183.800000000017
13191.199999999983
11045.950000000012
18957.150000000023
13430.349999999977
12361.599999999977
11834.800000000047
12198.899999999965
12462.600000000035
14159.199999999953
11126.700000000012
12373.549999999988
21432.75
11474.5
16146.350000000035
10923.549999999988
17322.45000000001
14006.450000000012
12613.049999999988
9334.25
13065.75
13649.950000000012
11098.899999999965
11492.600000000035
22702.54999999993
4480.600000000093
9213.79999999993
10855.25
10286.5
8886.900000000023
13889.949999999953
15335.45000000007
12073.599999999977
22975.800000000047
14335.79999999993
16104.650000000023
10066.400000000023
14718.79999999993
9468.70000000007
9522.75
13790.04999999993
12429.25
12809.550000000047
14191.699999999953
11601.300000000047
13344.949999999953
19268.300000000047
3563.6500000000233
13907.449999999953
27056.099999999977
19217.550000000047
14528.300000000047
20796.449999999953
22314.349999999977
11478.45000000007
16812.699999999953
13314.550000000047
14164.5
12891.349999999977
13150.449999999953
11477.70000000007
11824.449999999953
17923.149999999907
11962.450000000186
11891.399999999907
12333.949999999953
13590.800000000047
11642.149999999907
23929.200000000186
12050.09999999986
16663.65000000014
15853.5
13560.09999999986
12353.449999999953
12542.5
13367.850000000093
10984.850000000093
10091.449999999953
18532.25
5174.199999999953
9533.649999999907
10904.65000000014
11137.59999999986
10691.450000000186
13829.949999999953
20552.949999999953
11316.699999999953
16967.600000000093
13290.399999999907
17128.0
11527.90000000014
12812.549999999814
14027.850000000093
9637.600000000093
15139.34999999986
14153.449999999953
12236.0
19540.75
8695.950000000186
11411.25
14646.299999999814
19107.90000000014
19483.0
22740.5
23264.899999999907
13622.350000000093
19407.149999999907
16192.100000000093
15057.949999999953
12901.5
15090.449999999953
9565.65000000014
12936.399999999907
14194.800000000047
11247.34999999986
13766.800000000047
11868.15000000014
10603.449999999953
13788.449999999953
12837.350000000093
13521.399999999907
13561.600000000093
10461.899999999907
11555.649999999907
11980.300000000047
8119.75
14498.15000000014
11421.25
11393.149999999907
21375.949999999953
8551.40000000014
12186.799999999814
12532.200000000186
11956.799999999814
27317.25
9625.850000000093
11996.550000000047
12445.90000000014
16035.94999999972
11321.0
13562.700000000186
11130.549999999814
10113.399999999907
14381.25
9232.05000000028
15201.5
14187.399999999907
12255.049999999814
20703.0
4578.700000000186
13193.75
25906.100000000093
14404.94999999972
18274.100000000093
14649.700000000186
20287.44999999972
9178.150000000373
15570.94999999972
16094.899999999907
16176.450000000186
10692.200000000186
10990.049999999814
13250.399999999907
11293.5
13174.75
13258.100000000093
12099.25
13133.649999999907
12216.0
10294.55000000028
13260.75
11620.349999999627
9946.30000000028
11781.44999999972
9531.350000000093
12822.600000000093
11355.850000000093
11704.149999999907
21360.75
4947.450000000186
11295.899999999907
12499.549999999814
11961.600000000093
11209.450000000186
17986.25
9050.349999999627
16035.05000000028
12662.399999999907
13930.75
11566.700000000186
12208.799999999814
13958.899999999907
12587.05000000028
10071.149999999907
13510.549999999814
11728.30000000028
10324.69999999972
15823.75
12338.700000000186
11275.5
20301.149999999907
9612.5
11026.200000000186
10845.19999999972
11808.05000000028
13397.149999999907
13702.899999999907
21273.75
13629.700000000186
13512.0
17319.19999999972
10559.899999999907
15133.55000000028
13298.049999999814
12069.0
11143.850000000093
11729.899999999907
13340.850000000093
12425.200000000186
9675.94999999972
16509.0
8022.600000000093
12045.649999999907
16608.05000000028
12411.799999999814
11291.450000000186
15493.899999999907
12967.350000000093
10075.0
20408.19999999972
8724.600000000093
9692.799999999814
14598.75
9681.55000000028
13511.25
25513.850000000093
11775.549999999814
16289.100000000093
11126.44999999972
12780.650000000373
16442.75
10884.5
15756.299999999814
10751.350000000093
12015.94999999972
12345.900000000373
10856.549999999814
13614.850000000093
10815.549999999814
11721.950000000186
21268.799999999814
8632.25
7642.950000000186
9993.549999999814
10936.950000000186
9253.049999999814
14987.200000000186
18912.299999999814
10004.05000000028
14878.75
8429.049999999814
13829.700000000186
13361.299999999814
12200.100000000093
11137.399999999907
16892.700000000186
7600.949999999721
9691.0
20165.899999999907
9003.850000000093
16721.80000000028
11460.599999999627
25927.950000000186
22844.899999999907
19192.350000000093
22256.350000000093
11725.299999999814
14327.450000000186
11907.75
17697.0
12458.649999999907
13251.100000000093
11853.44999999972
10792.25
11051.600000000093
13802.200000000186
12094.44999999972
12100.350000000093
10201.75
15110.950000000186
12699.049999999814
14277.200000000186
13393.899999999907
11504.75
11030.75
13827.600000000093
13373.05000000028
9732.899999999441
11697.049999999814
12510.75
8956.75
13151.350000000559
11775.149999999441
11138.850000000559
18576.450000000186
11654.049999999814
12756.799999999814
12982.5
11178.0
13491.400000000373
13524.299999999814
23336.200000000186
11926.399999999441
13187.75
13337.350000000559
17353.89999999944
12180.200000000186
14114.849999999627
15372.800000000745
12139.849999999627
9975.700000000186
19484.64999999944
5885.600000000559
9795.849999999627
11887.600000000559
22169.949999999255
12617.75
19485.800000000745
16991.299999999814
14290.149999999441
10990.550000000745
14636.599999999627
14799.200000000186
10666.200000000186
18526.699999999255
5367.600000000559
10583.25
13039.149999999441
18422.25
10224.100000000559
12390.399999999441
22982.950000000186
12303.25
19688.75
10455.25
11181.400000000373
11820.799999999814
13528.349999999627
14254.700000000186
9283.5
13181.049999999814
13303.0
9492.150000000373
17722.450000000186
10507.200000000186
10340.699999999255
12105.5
12736.400000000373
17281.900000000373
25609.049999999814
12122.549999999814
10513.650000000373
16122.699999999255
11841.75
17527.60000000056
11966.700000000186
16307.75
10605.649999999441
10967.5
13409.25
10433.900000000373
12594.5
11018.399999999441
13100.25
11921.550000000745
-16395.950000000186
11156.849999999627
14011.350000000559
14352.199999999255
13748.900000000373
22873.549999999814
6504.950000000186
11975.5
13469.599999999627
11943.600000000559
10716.149999999441
16990.400000000373
19764.549999999814
13436.5
18021.700000000186
16211.200000000186
12382.25
13192.399999999441
12749.400000000373
15577.299999999814
13091.200000000186
11811.200000000186
22553.64999999944
9611.75
13369.25
10172.950000000186
9423.100000000559
13291.549999999814
8763.899999999441
19636.800000000745
12235.949999999255
14513.0
19179.700000000186
12643.799999999814
15218.900000000373
16365.5
12833.950000000186
18775.25
14562.849999999627
12327.0
12383.5
12290.450000000186
16434.0
13618.650000000373
12762.649999999441
