8684
9971
9978
527
19658
10172
1279
18585
10061
10486
29520
30927
12885
16172
4051
8868
8047
15478
3352
10069
20257
13358
6405
10190
9701
10794
9610
10120
19474
11819
18354
16105
14541
14907
14445
14194
5823
10633
19389
9786
20291
15233
424740
1708
8427
1393
8504
25519
4706
19938
8474
11072
20171
9832
20760
6520
12715
10023
9985
11005
19226
4297
509435
2094
6567
7707
1561
17668
20731
11932
14021
34223
9720
9811
592
11638
15707
3109
89366
19787
11071
20393
18580
20523
22930
6540
11402
11068
12985
5817
9700
8890
15511
4761
299984
11670
11702
17467
1902
14626
1749
30634
10041
10297
29664
20144
20325
9514
19564
21128
9291
10433
9739
397945
4026
7923
9961
10039
21129
19070
10023
23218
6772
13471
6385
11019
17230
16871
20482
1355
13144
14265
6028
19741
12443
17538
9883
19274
10768
9683
10440
19822
2887
21811
6061
12074
17121
10635
9395
11843
14761
4066
9500
19768
20077
20007
11635
8362
1470
18344
10191
20022
10085
20147
620314
9675
1704
8345
90556
9246
10100
22548
7315
9890
874
9025
10079
9838
7379
953
2149
9834
9731
10555
1257
18229
2231
18609
19256
9942
19982
13703
17900
8546
731893
2800
55688
11010
8702
9957
20211
11924
17723
20179
23179
6835
9742
18182
1752
12465
7922
11251
18488
20041
11388
28781
833685
8690
7792
9902
2594
7494
2259
10827
29124
7825
9675
20384
19696
22462
7274
11141
9521
24093
5296
14712
5520
14325
25429
5178
17123
17858
3279
16594
1557
19719
8666
11608
8309
10185
9842
20390
9570
20095
10814
19167
10708
19376
9955
2762
7471
14333
1104
14429
1305
10184
169275
1489
18199
19473
20882
29218
30816
30887
18153
19932
9105
16064
4897
20009
9610
14889
1309
4249
460387
1872
9583
3907
4595
9868
3238
17063
9818
1846
1654
6302
1324
29070
19725
12249
14900
17750
5610
12483
15068
19224
2065
930
9975
19494
20072
10354
3378
16416
20000
20146
9578
10092
10284
20077
18017
22024
1270
8210
10966
9010
4995
15462
10313
9262
10069
30189
10028
20919
18854
10300
39662
294205
17546
8394
4185
21902
9345
14690
9649
5578
14497
2883
16637
10731
481848
2085
36292
1410
18457
1799
8196
28429
2031
9544
19850
19994
19989
9958
19977
11088
33516
15332
11919
19330
28688
10395
12837
12944
4385
30065
9615
19814
20075
10368
9547
9973
22073
8601
9639
24879
24743
997
19028
8168
2337
9769
9771
19940
10301
9840
25238
9074
15703
1076
8899
9907
10534
32645
6960
15490
4632
19749
11476
19771
23100
15593
10847
860567
8045
2961
2704
5445
2397
7544
15554
14979
9353
12204
1757
15849
20020
29930
20252
21554
11082
17221
21183
9388
24961
24543
