0
11053.0
8430.0
10603.0
20116.0
5561.0
20003.0
763.0
9079.0
10005.0
10152.0
2061.0
15379.0
717.0
8591.0
22456.0
6267.0
1064.0
7877.0
10071.0
30081.0
13457.0
15673.0
9969.0
19479.0
19754.0
14288.0
35642.0
2834.0
17233.0
9543.0
9987.0
25870.0
50489.0
41931.0
50088.0
9804.0
31748.0
19390.0
20096.0
29941.0
29929.0
11632.0
17904.0
19967.0
20130.0
28919.0
20135.0
29037.0
29883.0
20116.0
29014.0
29842.0
20297.0
8860.0
13599.0
5506.0
18170.0
36590.0
12899.0
35875.0
14112.0
13061.0
29960.0
9971.0
17084.0
18569.0
34588.0
17803.0
20017.0
25318.0
14757.0
13556.0
30723.0
18187.0
11565.0
10010.0
30176.0
27751.0
25021.0
4967.0
10389.0
9651.0
10012.0
18978.0
19844.0
16731.0
17501.0
9508.0
24156.0
24494.0
19957.0
9952.0
27982.0
11553.0
19988.0
30039.0
22558.0
30125.0
21683.0
8387.0
9853.0
20002.0
29039.0
18884.0
10228.0
22527.0
19175.0
15534.0
10004.0
9149.0
9794.0
18942.0
15238.0
23219.0
21097.0
19953.0
22180.0
21193.0
16199.0
29957.0
10048.0
797.0
17502.0
734.0
13553.0
30259.0
9767.0
26413.0
13133.0
30062.0
19055.0
36280.0
15171.0
30989.0
11873.0
39940.0
40412.0
19795.0
29362.0
30323.0
7697.0
21584.0
22083.0
37965.0
15430.0
14851.0
9644.0
19855.0
29196.0
59046.0
19940.0
59064.0
20307.0
8932.0
9925.0
28961.0
9985.0
19215.0
10547.0
18324.0
19937.0
20068.0
49931.0
19530.0
10140.0
9868.0
20163.0
19610.0
29983.0
20010.0
21225.0
8823.0
30950.0
12591.0
37432.0
19678.0
40507.0
8531.0
22197.0
22049.0
24936.0
9853.0
13827.0
25342.0
18097.0
25827.0
18708.0
6520.0
25762.0
30116.0
19145.0
10602.0
19361.0
10028.0
19806.0
10143.0
17001.0
17887.0
19867.0
20248.0
19752.0
30107.0
19925.0
19306.0
19914.0
16970.0
30023.0
18986.0
19990.0
8651.0
19453.0
20017.0
9295.0
19891.0
20816.0
8661.0
34731.0
5360.0
22156.0
50004.0
30108.0
29820.0
36886.0
33414.0
39606.0
29451.0
1463.0
18649.0
20356.0
27876.0
19978.0
39835.0
9020.0
10109.0
13089.0
15259.0
28006.0
30565.0
20337.0
20731.0
29114.0
20341.0
23544.0
25372.0
10934.0
39312.0
9377.0
20197.0
19775.0
24103.0
29869.0
20045.0
22010.0
9421.0
28720.0
18392.0
20650.0
19932.0
20047.0
13684.0
12978.0
12462.0
2455.0
16651.0
39065.0
13894.0
25203.0
13161.0
21830.0
14915.0
17801.0
37829.0
11023.0
19185.0
19865.0
19936.0
19823.0
19874.0
10248.0
5986.0
4746.0
15414.0
19931.0
757.0
19195.0
20053.0
13065.0
35967.0
23984.0
25925.0
9111.0
26075.0
19401.0
33235.0
1069.0
17377.0
37226.0
19966.0
19125.0
19803.0
20042.0
29627.0
19976.0
19995.0
14112.0
29840.0
10070.0
19991.0
20012.0
9959.0
19937.0
9446.0
21755.0
17404.0
10080.0
18611.0
10017.0
15364.0
34086.0
36593.0
60204.0
51216.0
29911.0
24778.0
14672.0
10025.0
19984.0
12382.0
17609.0
9673.0
19974.0
19998.0
9957.0
19326.0
27037.0
17820.0
719.0
15437.0
34210.0
16067.0
32651.0
20085.0
19710.0
8852.0
29441.0
40209.0
29852.0
12380.0
16706.0
19014.0
21267.0
6496.0
20365.0
16848.0
10122.0
16180.0
20066.0
19964.0
18933.0
12880.0
14716.0
19892.0
18795.0
20602.0
19535.0
12172.0
26892.0
9052.0
29908.0
1380.0
7902.0
28943.0
19914.0
29062.0
19957.0
10055.0
28981.0
12907.0
16231.0
16007.0
20329.0
29873.0
36909.0
21200.0
27181.0
40094.0
47591.0
10346.0
29723.0
30439.0
38132.0
30058.0
29389.0
49498.0
13849.0
39830.0
18285.0
9780.0
40115.0
25331.0
8357.0
11588.0
10398.0
12041.0
33952.0
15902.0
41102.0
9940.0
27463.0
21245.0
20669.0
17040.0
28853.0
20134.0
58152.0
24130.0
54901.0
29921.0
38849.0
29594.0
17840.0
5263.0
13188.0
29931.0
20028.0
27927.0
30000.0
19297.0
19872.0
18310.0
10079.0
7761.0
19989.0
7241.0
19972.0
34261.0
20059.0
20480.0
20097.0
16690.0
19942.0
19240.0
11327.0
28620.0
23201.0
15722.0
29954.0
16528.0
3475.0
8742.0
10932.0
29064.0
9944.0
10015.0
8980.0
1102.0
16978.0
3075.0
17610.0
20923.0
34804.0
45980.0
49868.0
20178.0
40149.0
9843.0
24804.0
15246.0
25506.0
9103.0
19922.0
29092.0
15576.0
12527.0
17611.0
12109.0
26183.0
9198.0
33740.0
18592.0
15428.0
23205.0
10394.0
18538.0
10001.0
19360.0
38681.0
9240.0
19949.0
41084.0
26848.0
4397.0
14231.0
37752.0
14284.0
24758.0
20158.0
18756.0
26268.0
8413.0
13187.0
28916.0
9930.0
26694.0
13129.0
9939.0
29952.0
9082.0
29972.0
28794.0
10170.0
45420.0
19978.0
19972.0
38946.0
29110.0
50006.0
19420.0
29747.0
9236.0
32781.0
4009.0
12153.0
27048.0
25852.0
20952.0
21410.0
7990.0
20995.0
9851.0
38287.0
13537.0
11840.0
26062.0
20041.0
23048.0
15170.0
19347.0
29759.0
15474.0
20009.0
29903.0
9961.0
10012.0
20042.0
23772.0
25107.0
16599.0
10463.0
10710.0
21483.0
30187.0
39654.0
27814.0
21321.0
32620.0
17381.0
9019.0
19948.0
20071.0
14476.0
14640.0
8952.0
16598.0
22385.0
20052.0
10115.0
9837.0
20096.0
19905.0
29524.0
29897.0
20103.0
20595.0
19353.0
9437.0
13618.0
26322.0
28993.0
10190.0
8911.0
20012.0
21387.0
6719.0
12768.0
10145.0
5125.0
9640.0
13120.0
30706.0
22155.0
40003.0
14397.0
24463.0
12283.0
19933.0
14006.0
17277.0
15882.0
14099.0
835.0
12233.0
10970.0
24871.0
14215.0
30033.0
10006.0
30007.0
19913.0
23472.0
16591.0
25334.0
25695.0
18436.0
19988.0
19968.0
11669.0
16808.0
25614.0
25930.0
29347.0
10996.0
11485.0
27481.0
14385.0
35566.0
20027.0
19996.0
10236.0
9604.0
9745.0
10333.0
29691.0
19969.0
30630.0
18537.0
30002.0
19479.0
10039.0
9106.0
32693.0
26427.0
29709.0
48782.0
39969.0
10024.0
11538.0
27424.0
20010.0
18492.0
20740.0
19974.0
10098.0
28900.0
29975.0
29522.0
13601.0
27743.0
12450.0
25000.0
8216.0
10860.0
10923.0
17926.0
20073.0
26841.0
30562.0
18377.0
29988.0
19195.0
19713.0
30289.0
8443.0
20806.0
23723.0
14603.0
13259.0
26818.0
18645.0
20235.0
16446.0
3580.0
20005.0
17044.0
2914.0
19379.0
20678.0
29316.0
30503.0
19494.0
30006.0
19956.0
19313.0
20029.0
19831.0
39103.0
39922.0
24621.0
26465.0
21463.0
19167.0
26248.0
10014.0
29458.0
29677.0
30079.0
9576.0
19441.0
10848.0
20411.0
15068.0
20035.0
8015.0
20027.0
22786.0
36349.0
13148.0
15924.0
4340.0
19919.0
20069.0
8961.0
30007.0
11759.0
29886.0
17108.0
10474.0
29185.0
29509.0
28952.0
30157.0
26038.0
17928.0
11953.0
29207.0
29151.0
16852.0
27147.0
31692.0
33307.0
14929.0
20179.0
9338.0
29597.0
2718.0
39820.0
11276.0
20509.0
29538.0
19331.0
28943.0
27287.0
20050.0
20154.0
15209.0
18936.0
20051.0
29037.0
20026.0
28015.0
10294.0
16285.0
19823.0
11302.0
14597.0
14468.0
30126.0
16075.0
9790.0
12200.0
7847.0
19839.0
766.0
21371.0
17263.0
14611.0
25039.0
12694.0
41331.0
35071.0
9225.0
10301.0
19728.0
20007.0
29914.0
28798.0
20016.0
20004.0
19987.0
26232.0
3210.0
10221.0
20788.0
19364.0
12866.0
46794.0
29395.0
29982.0
19986.0
43676.0
50353.0
39631.0
4841.0
18775.0
12582.0
12978.0
17375.0
15604.0
11579.0
10081.0
18045.0
17945.0
22503.0
13913.0
12817.0
19260.0
10981.0
18672.0
19990.0
20312.0
19048.0
10132.0
17876.0
20020.0
856.0
8769.0
20289.0
7324.0
19886.0
29695.0
19990.0
29768.0
19982.0
20042.0
19724.0
20212.0
19822.0
30033.0
734.0
9232.0
10053.0
4657.0
24395.0
30015.0
8922.0
30189.0
27362.0
19741.0
10470.0
8484.0
19730.0
19528.0
9615.0
9591.0
10162.0
19954.0
12310.0
20331.0
26982.0
7684.0
13629.0
19745.0
19997.0
14251.0
15785.0
9893.0
19577.0
19909.0
8198.0
19908.0
18062.0
30011.0
20118.0
26835.0
22025.0
20016.0
40067.0
29328.0
29918.0
27940.0
13329.0
22699.0
19960.0
19995.0
10373.0
38076.0
21503.0
35042.0
21174.0
15422.0
23899.0
29054.0
20148.0
29877.0
19987.0
19691.0
19631.0
20042.0
36569.0
24764.0
35251.0
11505.0
18422.0
10110.0
33107.0
12255.0
23784.0
18986.0
16259.0
18444.0
13447.0
20024.0
22104.0
20112.0
13548.0
24446.0
30684.0
24266.0
63505.0
29975.0
16841.0
19927.0
3105.0
19395.0
24713.0
10010.0
19033.0
19974.0
25201.0
29854.0
10027.0
19930.0
39970.0
7729.0
21554.0
22385.0
5595.0
9185.0
19832.0
10023.0
20790.0
28175.0
21842.0
38160.0
19008.0
19982.0
10088.0
19982.0
19976.0
10067.0
19227.0
13134.0
26815.0
9916.0
15092.0
15031.0
30573.0
16931.0
21817.0
20099.0
18623.0
9932.0
29997.0
9061.0
20123.0
19146.0
14552.0
31425.0
20025.0
39094.0
39972.0
7035.0
33469.0
19812.0
5022.0
9870.0
18117.0
30039.0
50543.0
18784.0
30176.0
19951.0
29943.0
29474.0
22061.0
17859.0
27363.0
21308.0
18968.0
19822.0
30076.0
817.0
21026.0
18283.0
39177.0
39998.0
29689.0
19950.0
18559.0
30265.0
10075.0
38962.0
24935.0
33746.0
20204.0
19032.0
19864.0
19998.0
19200.0
40002.0
19922.0
30119.0
27249.0
16277.0
25923.0
25504.0
29841.0
26825.0
12828.0
20949.0
19406.0
19214.0
19745.0
20028.0
16892.0
13114.0
9740.0
23853.0
25544.0
11818.0
27269.0
28999.0
9935.0
40092.0
19142.0
20357.0
28746.0
19969.0
8937.0
40564.0
7541.0
49922.0
10449.0
29019.0
20195.0
20552.0
11693.0
14792.0
21677.0
9971.0
19865.0
19573.0
19914.0
39049.0
19916.0
33986.0
14167.0
30312.0
28802.0
40066.0
14440.0
43402.0
19207.0
17739.0
11875.0
29864.0
40002.0
7161.0
19919.0
13900.0
22852.0
23231.0
19285.0
14637.0
25010.0
19192.0
30010.0
10034.0
15456.0
10533.0
22030.0
17066.0
9925.0
19924.0
7185.0
31375.0
28244.0
22710.0
30877.0
28932.0
12297.0
17601.0
11046.0
20614.0
11827.0
37068.0
17671.0
22302.0
20116.0
19061.0
29974.0
9032.0
20189.0
19856.0
29001.0
60126.0
29033.0
50035.0
39487.0
19560.0
49976.0
59972.0
38154.0
41354.0
59646.0
20169.0
70701.0
44561.0
53864.0
39350.0
19820.0
20038.0
13099.0
27737.0
10536.0
1084.0
18847.0
19596.0
10099.0
8268.0
19855.0
10344.0
27773.0
29926.0
18131.0
40040.0
19983.0
28889.0
10011.0
20117.0
19221.0
32559.0
801.0
16641.0
29501.0
40063.0
29952.0
15272.0
1553.0
18337.0
20012.0
9925.0
20003.0
20392.0
8685.0
30053.0
9056.0
30007.0
49977.0
19235.0
29958.0
19043.0
10103.0
24983.0
16712.0
15694.0
20720.0
22125.0
16954.0
19931.0
29141.0
10352.0
17214.0
12355.0
20831.0
24382.0
14307.0
18312.0
19376.0
9975.0
15890.0
24091.0
10031.0
19962.0
37402.0
21686.0
30004.0
9032.0
23380.0
27141.0
28812.0
39785.0
19481.0
39566.0
33836.0
35443.0
30972.0
8551.0
9384.0
19157.0
29719.0
19498.0
40145.0
10682.0
11494.0
27716.0
9439.0
20528.0
29533.0
3291.0
13977.0
20011.0
20035.0
9921.0
19987.0
20253.0
12280.0
14548.0
5412.0
29851.0
19998.0
3723.0
21472.0
19991.0
30102.0
30028.0
29854.0
20095.0
9951.0
38951.0
30033.0
30140.0
18029.0
20212.0
19744.0
9116.0
18078.0
21394.0
19678.0
10118.0
11328.0
18044.0
19636.0
29095.0
23991.0
35976.0
19856.0
29979.0
8941.0
12106.0
18933.0
28822.0
19408.0
10070.0
10146.0
19890.0
15307.0
24425.0
16053.0
33633.0
6335.0
19995.0
26925.0
13673.0
20909.0
18415.0
21197.0
14309.0
13363.0
19252.0
10006.0
20104.0
18051.0
25374.0
23632.0
11867.0
25738.0
21177.0
20040.0
18265.0
20061.0
19950.0
19963.0
9739.0
21191.0
28532.0
13520.0
14312.0
30039.0
31449.0
9393.0
19034.0
20046.0
28411.0
29949.0
38848.0
48877.0
18704.0
13590.0
11875.0
2375.0
2855.0
9061.0
10291.0
10022.0
7180.0
20359.0
29640.0
11554.0
17921.0
19982.0
8934.0
19385.0
1343.0
18680.0
10600.0
9439.0
19973.0
6340.0
21871.0
17182.0
30049.0
20240.0
28637.0
10010.0
20036.0
19159.0
20040.0
56299.0
13651.0
24247.0
15266.0
16951.0
28633.0
30080.0
30301.0
9608.0
31112.0
18823.0
20098.0
23886.0
11906.0
27055.0
20039.0
30002.0
6491.0
13401.0
30114.0
10475.0
29439.0
40731.0
29328.0
20164.0
30191.0
19350.0
17569.0
8413.0
29636.0
18957.0
20039.0
9033.0
19871.0
30050.0
19151.0
30313.0
19696.0
20021.0
20214.0
19582.0
11026.0
18639.0
65199.0
25622.0
54416.0
39970.0
39976.0
30345.0
49658.0
39003.0
10479.0
8826.0
10098.0
29689.0
14753.0
26992.0
6238.0
20086.0
9900.0
9175.0
20001.0
28977.0
20064.0
40150.0
9120.0
20064.0
19777.0
26106.0
32894.0
24041.0
15035.0
19979.0
20040.0
14233.0
25500.0
9407.0
29095.0
9845.0
30107.0
4534.0
14929.0
9394.0
29159.0
17620.0
16565.0
14917.0
21574.0
17718.0
19714.0
10719.0
29207.0
19215.0
4683.0
25199.0
20076.0
20648.0
15770.0
30440.0
41276.0
19929.0
20041.0
49139.0
20099.0
39779.0
30650.0
30732.0
37792.0
20023.0
18963.0
20199.0
29776.0
9149.0
9940.0
20000.0
28794.0
30163.0
19866.0
32242.0
749.0
36306.0
18963.0
20148.0
20048.0
28939.0
9903.0
10188.0
8961.0
19513.0
10084.0
1152.0
18122.0
10071.0
9643.0
29540.0
9879.0
26194.0
15501.0
27492.0
20010.0
19011.0
20018.0
9876.0
19161.0
9902.0
10910.0
28201.0
9870.0
23217.0
5917.0
9437.0
10633.0
20050.0
8983.0
10037.0
20049.0
18984.0
1289.0
17836.0
29953.0
30084.0
19949.0
18998.0
19903.0
11163.0
18019.0
30013.0
40185.0
19515.0
29293.0
24180.0
19611.0
15254.0
10027.0
9170.0
37433.0
22487.0
9118.0
9887.0
30137.0
9954.0
29257.0
30220.0
9731.0
19675.0
9346.0
19983.0
8987.0
19951.0
19996.0
19038.0
20330.0
29707.0
1168.0
18165.0
11561.0
18108.0
19174.0
9917.0
29332.0
22688.0
17095.0
18945.0
10423.0
29623.0
11839.0
37205.0
16737.0
12837.0
19925.0
23967.0
17345.0
17187.0
19944.0
9281.0
41806.0
20618.0
9066.0
12753.0
13959.0
10008.0
21082.0
12457.0
25587.0
19900.0
27442.0
21513.0
10054.0
9928.0
19174.0
4207.0
17790.0
8146.0
28894.0
9991.0
10239.0
38912.0
30003.0
24116.0
25086.0
39931.0
29987.0
19952.0
23044.0
37769.0
18474.0
19781.0
20076.0
28873.0
10074.0
9928.0
10019.0
1986.0
20207.0
8425.0
11720.0
23083.0
13037.0
9848.0
3320.0
6369.0
39165.0
30088.0
20094.0
18984.0
33092.0
26945.0
30028.0
19178.0
26957.0
3744.0
8398.0
9916.0
19948.0
15539.0
13466.0
19874.0
30178.0
6508.0
11072.0
1515.0
9883.0
44308.0
14899.0
19965.0
30832.0
18258.0
30193.0
19777.0
19752.0
29366.0
10205.0
8919.0
10299.0
9653.0
19933.0
19132.0
20054.0
30024.0
29863.0
20105.0
9177.0
19855.0
29937.0
6215.0
7006.0
15928.0
9007.0
19873.0
10060.0
19079.0
30796.0
29386.0
8891.0
20078.0
9864.0
19309.0
9836.0
20158.0
18715.0
20090.0
20646.0
8557.0
19854.0
1852.0
21989.0
26741.0
68492.0
30063.0
31140.0
42420.0
35558.0
18814.0
31042.0
25890.0
23243.0
10827.0
9509.0
39759.0
29070.0
30072.0
15327.0
15591.0
28052.0
20024.0
18879.0
20026.0
20075.0
39983.0
19069.0
1818.0
8784.0
18464.0
29865.0
20066.0
29211.0
19958.0
29956.0
26481.0
22702.0
29784.0
19226.0
20437.0
29489.0
19287.0
19731.0
10980.0
10374.0
17946.0
9840.0
19112.0
5671.0
21081.0
23233.0
11497.0
17546.0
20016.0
19201.0
9705.0
10313.0
18728.0
20071.0
10531.0
19613.0
19898.0
19214.0
19928.0
10013.0
9953.0
10080.0
9345.0
19983.0
10089.0
26487.0
25082.0
25020.0
9849.0
20052.0
10082.0
11369.0
8112.0
10020.0
40712.0
12639.0
36282.0
7883.0
20276.0
18583.0
19897.0
20059.0
19206.0
15734.0
14209.0
18970.0
19991.0
10032.0
18951.0
9994.0
29027.0
10153.0
9961.0
9909.0
19079.0
20000.0
19958.0
10114.0
9488.0
25211.0
9624.0
12411.0
19986.0
46249.0
53755.0
29968.0
19965.0
20171.0
9058.0
19817.0
13753.0
29644.0
18856.0
12480.0
27448.0
19898.0
19688.0
20080.0
38556.0
39997.0
39952.0
20190.0
39753.0
36924.0
23071.0
29010.0
16032.0
28509.0
19958.0
28972.0
29839.0
20140.0
16515.0
12478.0
19719.0
20711.0
9385.0
19312.0
13567.0
26325.0
7622.0
21706.0
19880.0
23463.0
25564.0
10113.0
19857.0
19167.0
19934.0
20184.0
8996.0
700.0
19370.0
19964.0
28948.0
19884.0
24211.0
15065.0
19893.0
19984.0
10645.0
18517.0
28559.0
20505.0
29892.0
20087.0
18984.0
20029.0
30016.0
19032.0
10657.0
20463.0
23698.0
14182.0
20645.0
9636.0
18932.0
21194.0
18819.0
18845.0
20081.0
20078.0
9070.0
838.0
21538.0
16821.0
20098.0
19713.0
9599.0
19579.0
19848.0
10020.0
18920.0
12899.0
7153.0
9227.0
10040.0
19798.0
9190.0
17968.0
22070.0
37344.0
1698.0
29839.0
19042.0
60055.0
29865.0
23491.0
5672.0
16716.0
22382.0
21392.0
28691.0
20021.0
19158.0
30662.0
19110.0
27139.0
21953.0
14662.0
15608.0
29838.0
29093.0
10300.0
25288.0
17995.0
5224.0
20142.0
9143.0
9973.0
20121.0
18928.0
10093.0
20065.0
8962.0
9895.0
20060.0
29017.0
9935.0
13779.0
5618.0
19664.0
3416.0
19509.0
16093.0
30158.0
29915.0
9095.0
9953.0
21770.0
37324.0
14171.0
5842.0
9090.0
19972.0
19974.0
9116.0
19957.0
18939.0
10285.0
9977.0
29892.0
30179.0
9220.0
19547.0
26808.0
28552.0
23884.0
18991.0
19865.0
1937.0
18156.0
24263.0
25077.0
19739.0
17426.0
21804.0
17802.0
11398.0
19737.0
11008.0
18508.0
19367.0
30316.0
18992.0
13801.0
25252.0
29092.0
9944.0
8985.0
40206.0
50091.0
19800.0
29015.0
29940.0
5498.0
5544.0
18059.0
20002.0
9417.0
19860.0
9778.0
30076.0
19069.0
20040.0
40111.0
50366.0
18805.0
20068.0
20024.0
8722.0
19990.0
20002.0
9491.0
19609.0
20085.0
9330.0
29687.0
19900.0
19041.0
40147.0
9804.0
23542.0
10880.0
14662.0
30022.0
910.0
7992.0
10317.0
28859.0
30130.0
49898.0
49127.0
29893.0
20017.0
29907.0
29153.0
60082.0
28184.0
21805.0
9167.0
19840.0
19979.0
19302.0
9909.0
10112.0
19850.0
19074.0
10636.0
19273.0
29232.0
20000.0
16080.0
13024.0
10132.0
19912.0
29061.0
9956.0
30076.0
29929.0
20013.0
9075.0
19852.0
10149.0
49890.0
29009.0
29937.0
9921.0
18949.0
39964.0
19957.0
30067.0
19277.0
19922.0
9998.0
19257.0
20691.0
19245.0
19196.0
9974.0
10054.0
19031.0
20191.0
30225.0
19601.0
29053.0
10301.0
19675.0
29041.0
9994.0
20028.0
18986.0
20168.0
9940.0
21099.0
17822.0
19920.0
10162.0
8042.0
21087.0
41053.0
17935.0
30036.0
20036.0
19127.0
29865.0
39967.0
29985.0
21468.0
37850.0
20010.0
21417.0
17375.0
29932.0
10909.0
18278.0
39898.0
19937.0
29153.0
19960.0
10534.0
9704.0
18753.0
40048.0
30054.0
19259.0
29780.0
22635.0
17673.0
28756.0
20091.0
34332.0
15083.0
39599.0
30012.0
19035.0
26158.0
33863.0
29109.0
9937.0
30010.0
12418.0
16635.0
25437.0
23522.0
20100.0
23443.0
15679.0
40314.0
29658.0
38978.0
33243.0
16985.0
28814.0
5270.0
6227.0
18582.0
28972.0
20093.0
19944.0
21980.0
18717.0
19230.0
19263.0
19105.0
29934.0
29998.0
39036.0
18607.0
11371.0
19120.0
18333.0
11635.0
19990.0
19114.0
19911.0
19153.0
19989.0
10054.0
2119.0
6837.0
40229.0
7293.0
1509.0
16644.0
22362.0
30108.0
20865.0
20970.0
17108.0
10266.0
18900.0
20049.0
30057.0
9055.0
29939.0
30008.0
20225.0
47539.0
21283.0
40384.0
41399.0
18078.0
14261.0
24934.0
30237.0
11233.0
8071.0
20043.0
29978.0
37924.0
20122.0
18564.0
21433.0
39965.0
20056.0
59950.0
13864.0
22136.0
11771.0
20279.0
8222.0
19973.0
17313.0
29889.0
20000.0
8277.0
19366.0
17491.0
15711.0
14339.0
20323.0
15018.0
13501.0
20113.0
14165.0
32452.0
18710.0
40156.0
19010.0
9841.0
19078.0
10344.0
19873.0
29517.0
19804.0
19974.0
19046.0
13882.0
17233.0
8666.0
23523.0
36519.0
40071.0
28800.0
40021.0
18315.0
29991.0
39784.0
24707.0
10605.0
32934.0
8684.0
48292.0
29256.0
20204.0
20040.0
19965.0
27294.0
29843.0
17249.0
38878.0
15217.0
32695.0
21152.0
39386.0
39788.0
10127.0
19986.0
20472.0
39103.0
10038.0
39965.0
29887.0
17552.0
39778.0
41019.0
30346.0
38842.0
30095.0
37831.0
29937.0
48383.0
40405.0
40213.0
29713.0
32541.0
40005.0
39252.0
40626.0
47866.0
39457.0
68930.0
29936.0
48027.0
39907.0
44159.0
18296.0
34879.0
50022.0
55183.0
30013.0
59039.0
40146.0
32103.0
46459.0
40121.0
89991.0
49922.0
48989.0
39892.0
50055.0
29920.0
40394.0
69664.0
32600.0
47348.0
49761.0
49880.0
49703.0
29398.0
56284.0
33101.0
14011.0
50049.0
42452.0
45512.0
30554.0
67321.0
42034.0
58362.0
41557.0
63856.0
55743.0
49970.0
27055.0
62142.0
77685.0
39753.0
39965.0
49204.0
30779.0
39955.0
57863.0
38294.0
42082.0
40079.0
58925.0
40680.0
36111.0
62495.0
58788.0
40044.0
49150.0
30297.0
58787.0
39964.0
63322.0
32139.0
24668.0
40535.0
36258.0
39228.0
33019.0
44713.0
18783.0
30786.0
25185.0
19993.0
18839.0
24545.0
19305.0
45586.0
28894.0
19427.0
9658.0
9998.0
19027.0
20021.0
19061.0
5439.0
13612.0
10071.0
9056.0
9879.0
20005.0
9115.0
27481.0
32498.0
30197.0
19145.0
12985.0
37167.0
19597.0
18931.0
39953.0
15628.0
14419.0
30063.0
9454.0
29857.0
19951.0
9949.0
20039.0
9613.0
9866.0
10780.0
8856.0
30121.0
20013.0
20015.0
29832.0
10040.0
19999.0
18894.0
18676.0
31394.0
17895.0
31247.0
28999.0
10039.0
21170.0
14559.0
13244.0
16944.0
12216.0
32539.0
4684.0
22590.0
12814.0
32045.0
4420.0
16797.0
29782.0
29164.0
9218.0
19943.0
9637.0
20523.0
20142.0
19990.0
24352.0
19938.0
27172.0
30096.0
18767.0
20120.0
28276.0
3058.0
25798.0
29342.0
20511.0
36595.0
19024.0
40087.0
28965.0
30026.0
1374.0
20031.0
8874.0
20168.0
17918.0
26780.0
22294.0
23876.0
52962.0
24508.0
25134.0
34787.0
28217.0
34209.0
18930.0
29985.0
14333.0
21109.0
19093.0
19978.0
30630.0
19518.0
38106.0
30038.0
19990.0
14305.0
34973.0
29642.0
29861.0
19677.0
19976.0
19976.0
20047.0
19995.0
19582.0
20457.0
29465.0
10278.0
29589.0
40115.0
29729.0
19974.0
10977.0
29129.0
8701.0
20079.0
9922.0
10039.0
19125.0
40067.0
21650.0
14363.0
32993.0
20018.0
28943.0
9894.0
19926.0
30908.0
18423.0
40035.0
34023.0
16058.0
29577.0
22302.0
26828.0
10061.0
29980.0
17129.0
19622.0
22109.0
19980.0
20795.0
19271.0
30001.0
5053.0
16708.0
16157.0
15569.0
34375.0
18996.0
30047.0
37329.0
19811.0
20287.0
18895.0
29909.0
20034.0
19591.0
28012.0
32234.0
17958.0
20175.0
20007.0
49802.0
20165.0
19821.0
18180.0
723.0
28480.0
49862.0
20634.0
5606.0
18003.0
20002.0
9763.0
10220.0
19932.0
26092.0
11786.0
18174.0
20038.0
19987.0
12211.0
30852.0
21249.0
24686.0
19117.0
29938.0
16373.0
26143.0
24155.0
39528.0
26280.0
12514.0
20342.0
11132.0
28950.0
5825.0
14234.0
29862.0
20083.0
12133.0
26265.0
20085.0
19893.0
20075.0
20830.0
17840.0
9924.0
30219.0
10035.0
19018.0
20184.0
16297.0
20197.0
1336.0
27268.0
29017.0
20474.0
19031.0
29896.0
30082.0
20514.0
10673.0
18401.0
19950.0
21292.0
18809.0
20027.0
10008.0
20002.0
19992.0
9917.0
10081.0
29667.0
27291.0
21472.0
18319.0
20037.0
35325.0
3594.0
19023.0
20028.0
20092.0
34355.0
14794.0
30026.0
10166.0
19105.0
10207.0
9689.0
19544.0
9971.0
30056.0
11819.0
20056.0
29956.0
10310.0
19770.0
20136.0
10849.0
17905.0
9915.0
40681.0
27721.0
25405.0
24528.0
18037.0
38995.0
39999.0
9142.0
30019.0
9949.0
29210.0
10016.0
19978.0
29217.0
18202.0
21666.0
20132.0
28123.0
21158.0
14417.0
10482.0
687.0
29050.0
29822.0
20564.0
19463.0
18929.0
30003.0
26313.0
9922.0
25600.0
23580.0
28981.0
11874.0
9733.0
27493.0
14249.0
35710.0
19126.0
17521.0
12509.0
10666.0
18967.0
14627.0
35870.0
1298.0
15194.0
29918.0
19989.0
9970.0
20014.0
40061.0
18940.0
10077.0
9722.0
29880.0
27627.0
17627.0
11307.0
36986.0
13155.0
18891.0
19081.0
10217.0
9976.0
40016.0
22113.0
26993.0
11773.0
19769.0
8308.0
19828.0
18830.0
50032.0
47643.0
18646.0
29074.0
19906.0
20021.0
20000.0
797.0
3688.0
4080.0
29674.0
20070.0
12428.0
16800.0
19761.0
29197.0
19844.0
19216.0
9820.0
19057.0
20195.0
28848.0
10059.0
18492.0
21439.0
29095.0
19969.0
19663.0
20113.0
19945.0
15620.0
10047.0
22264.0
27559.0
24208.0
26026.0
29347.0
19811.0
17998.0
10329.0
10765.0
17955.0
29763.0
19224.0
19403.0
19705.0
19622.0
29566.0
19049.0
17295.0
22179.0
21715.0
34257.0
728.0
318.0
20559.0
17787.0
19228.0
10907.0
19854.0
20090.0
19939.0
1032.0
18123.0
2303.0
16709.0
29038.0
30021.0
19052.0
884.0
19104.0
8152.0
30054.0
9901.0
9086.0
20046.0
20095.0
24579.0
14708.0
19948.0
12924.0
10737.0
16382.0
32827.0
20038.0
29914.0
19296.0
9938.0
25413.0
19975.0
16458.0
22344.0
29554.0
19861.0
10141.0
10034.0
29767.0
39764.0
39991.0
14457.0
18995.0
6402.0
14507.0
7001.0
12989.0
27520.0
39044.0
27959.0
23280.0
10134.0
37016.0
20022.0
28193.0
15019.0
24729.0
19876.0
20265.0
3821.0
29934.0
19923.0
13253.0
26816.0
20021.0
19243.0
9966.0
30842.0
14504.0
21816.0
11922.0
38178.0
17562.0
41534.0
30049.0
19059.0
20484.0
19508.0
8932.0
19964.0
9936.0
20027.0
29115.0
20097.0
20017.0
9992.0
19520.0
19938.0
29942.0
50596.0
40172.0
19848.0
50070.0
19789.0
13182.0
16805.0
29032.0
37880.0
11183.0
20032.0
19947.0
19046.0
30029.0
19064.0
24911.0
15563.0
25222.0
31497.0
30015.0
14380.0
15687.0
22072.0
27377.0
31519.0
24771.0
12996.0
20025.0
7529.0
19891.0
30029.0
19987.0
20007.0
19998.0
20045.0
8450.0
38620.0
8643.0
28588.0
30087.0
19010.0
10061.0
19318.0
60063.0
29868.0
23957.0
11341.0
19681.0
18815.0
15413.0
14615.0
19509.0
26409.0
14593.0
17677.0
18964.0
20022.0
18931.0
9971.0
18508.0
30691.0
9074.0
20421.0
15090.0
12754.0
29704.0
20455.0
14531.0
15101.0
16385.0
15834.0
17434.0
20125.0
25201.0
37735.0
19903.0
40060.0
9940.0
40067.0
15490.0
13174.0
14684.0
7900.0
24255.0
22332.0
19423.0
29719.0
9121.0
21598.0
15463.0
6548.0
24404.0
11053.0
18099.0
9997.0
9889.0
8991.0
19992.0
10131.0
9892.0
20142.0
1364.0
938.0
26950.0
30121.0
19906.0
19702.0
1884.0
9182.0
10857.0
39749.0
20032.0
21437.0
10504.0
8138.0
39745.0
20434.0
38695.0
19102.0
40031.0
18060.0
20012.0
29071.0
30093.0
20461.0
16694.0
14890.0
26068.0
20461.0
9680.0
7440.0
11798.0
39192.0
20711.0
3220.0
16215.0
13944.0
22654.0
19910.0
14622.0
35603.0
9743.0
12698.0
17694.0
17203.0
29976.0
12871.0
27552.0
24686.0
11597.0
866.0
19280.0
8997.0
20009.0
9415.0
9601.0
10543.0
11701.0
17518.0
29882.0
18462.0
21424.0
9086.0
18786.0
19504.0
39958.0
20032.0
15310.0
44023.0
19729.0
30042.0
29947.0
29744.0
19333.0
8968.0
19988.0
20146.0
8897.0
18540.0
31529.0
12830.0
22165.0
3070.0
17929.0
11050.0
29937.0
40146.0
29920.0
29144.0
21493.0
8481.0
19377.0
39650.0
20077.0
10082.0
30190.0
19176.0
10424.0
19744.0
17152.0
29922.0
19990.0
20076.0
34954.0
14950.0
10240.0
18859.0
30598.0
8890.0
19581.0
9954.0
14263.0
3996.0
18738.0
20054.0
19281.0
9832.0
28900.0
842.0
9907.0
8466.0
10208.0
10074.0
18763.0
29999.0
11727.0
18497.0
12032.0
49076.0
28290.0
13131.0
30882.0
20660.0
19984.0
10141.0
19935.0
10282.0
19761.0
28991.0
5423.0
979.0
19159.0
9784.0
10036.0
9532.0
19809.0
25357.0
14777.0
19529.0
10060.0
9903.0
23722.0
9818.0
10133.0
19971.0
14802.0
26730.0
18514.0
19061.0
19788.0
30206.0
18828.0
20056.0
18872.0
2494.0
27648.0
19999.0
27263.0
20036.0
16596.0
22416.0
9875.0
23663.0
11645.0
12905.0
19895.0
17194.0
22603.0
19951.0
9945.0
12414.0
37268.0
25638.0
32588.0
11654.0
38064.0
11387.0
28831.0
17020.0
14180.0
29055.0
10901.0
30532.0
18516.0
17327.0
10012.0
20065.0
18836.0
11310.0
29846.0
28542.0
19502.0
29087.0
29892.0
19990.0
19960.0
19105.0
10215.0
29836.0
30279.0
19114.0
19989.0
20188.0
16983.0
17656.0
12342.0
26803.0
3498.0
19621.0
20044.0
9192.0
654.0
29522.0
18976.0
9922.0
20081.0
29116.0
39762.0
20125.0
9588.0
20500.0
17985.0
11002.0
16159.0
11890.0
19960.0
29978.0
9145.0
30012.0
19937.0
20143.0
19571.0
1068.0
8689.0
16261.0
21845.0
18180.0
29853.0
30049.0
10035.0
28943.0
20001.0
28823.0
20282.0
7978.0
654.0
19632.0
27967.0
19222.0
29164.0
18094.0
7778.0
12984.0
18978.0
29978.0
24218.0
15041.0
19748.0
18049.0
20316.0
6939.0
18772.0
26718.0
20097.0
10968.0
8279.0
19095.0
34067.0
35000.0
40015.0
32358.0
34856.0
18965.0
9968.0
19581.0
20480.0
13246.0
19329.0
20036.0
50298.0
8715.0
9922.0
10014.0
16455.0
11550.0
1493.0
20035.0
12580.0
37048.0
19787.0
16068.0
1071.0
8842.0
10691.0
19462.0
9878.0
19972.0
29991.0
30409.0
20355.0
27199.0
12793.0
16213.0
19192.0
19939.0
10019.0
27318.0
1349.0
19482.0
20030.0
19243.0
20030.0
9979.0
10693.0
19371.0
13713.0
25727.0
17980.0
17033.0
20534.0
19406.0
19975.0
19956.0
10055.0
19947.0
24151.0
18042.0
16680.0
15974.0
13017.0
19964.0
20128.0
19910.0
9079.0
22854.0
16135.0
10122.0
20135.0
14298.0
14515.0
10280.0
9162.0
19728.0
20026.0
20220.0
18631.0
19964.0
20133.0
20082.0
20646.0
18612.0
9738.0
19242.0
9844.0
35365.0
11696.0
2454.0
19674.0
18924.0
39963.0
20642.0
18435.0
10036.0
20032.0
39044.0
29967.0
39963.0
9250.0
19796.0
30287.0
19074.0
20023.0
10162.0
18877.0
10526.0
22713.0
15798.0
21681.0
18702.0
18752.0
29880.0
39997.0
29723.0
29317.0
11158.0
19294.0
20432.0
40874.0
36355.0
902.0
19146.0
4278.0
14618.0
10093.0
19049.0
9988.0
30048.0
18989.0
29836.0
60158.0
58879.0
34522.0
15576.0
19014.0
10075.0
10074.0
9150.0
10178.0
19814.0
9102.0
647.0
29331.0
19083.0
30001.0
10052.0
18905.0
30049.0
9900.0
9878.0
19244.0
30088.0
18890.0
27226.0
2821.0
18985.0
13785.0
16305.0
18932.0
9969.0
30077.0
9240.0
10136.0
22952.0
15849.0
19993.0
25732.0
4186.0
19255.0
40025.0
19004.0
19979.0
10290.0
8950.0
19918.0
20029.0
19132.0
19859.0
2988.0
16040.0
10101.0
30030.0
38990.0
13067.0
36802.0
34031.0
46019.0
29098.0
28956.0
10743.0
29234.0
19042.0
14501.0
15484.0
19060.0
19087.0
21144.0
18870.0
39934.0
20025.0
9193.0
29895.0
30082.0
9925.0
9240.0
9858.0
19459.0
29616.0
20280.0
8863.0
624.0
20710.0
37604.0
18847.0
31061.0
9488.0
17224.0
28068.0
13510.0
29982.0
21350.0
11027.0
10076.0
5620.0
20021.0
11929.0
17124.0
20001.0
19965.0
10514.0
18620.0
19982.0
9974.0
9350.0
29833.0
10014.0
19169.0
19785.0
20124.0
9169.0
43140.0
16706.0
39050.0
19964.0
13096.0
25921.0
19884.0
10080.0
9188.0
9925.0
20065.0
29959.0
29044.0
10064.0
27280.0
11714.0
966.0
9226.0
18989.0
19875.0
11445.0
27644.0
9167.0
10829.0
19931.0
21397.0
18680.0
18454.0
19666.0
29934.0
850.0
8905.0
29405.0
15939.0
3038.0
17583.0
10358.0
1131.0
16597.0
4018.0
12107.0
16336.0
30279.0
18881.0
30039.0
19985.0
8963.0
19993.0
21386.0
14538.0
43390.0
11809.0
10448.0
17628.0
8933.0
20139.0
29894.0
29042.0
13239.0
36741.0
19130.0
30244.0
19722.0
9963.0
23513.0
15549.0
10098.0
18993.0
20300.0
32331.0
26466.0
20237.0
19874.0
8950.0
26137.0
20721.0
22148.0
11328.0
18811.0
29096.0
10066.0
29853.0
29955.0
19140.0
30061.0
29009.0
19915.0
18348.0
50774.0
19930.0
30061.0
42297.0
26789.0
10395.0
18655.0
9948.0
10076.0
19077.0
19878.0
13825.0
15410.0
9985.0
21494.0
17641.0
19903.0
29980.0
14108.0
20548.0
4307.0
9468.0
9597.0
28994.0
12324.0
27691.0
17680.0
11566.0
9951.0
29978.0
19068.0
30062.0
10753.0
8344.0
19900.0
19930.0
19217.0
19930.0
10031.0
17345.0
21752.0
18961.0
20051.0
9085.0
19986.0
18790.0
22634.0
16506.0
10125.0
29071.0
24268.0
15606.0
9096.0
19921.0
20232.0
28913.0
21085.0
19009.0
18965.0
14426.0
25638.0
20612.0
8520.0
30291.0
18833.0
29962.0
20089.0
19038.0
20259.0
29751.0
14793.0
20960.0
13153.0
10978.0
18094.0
29937.0
9106.0
41678.0
28352.0
18997.0
19982.0
36505.0
22504.0
19950.0
40059.0
49185.0
26913.0
23042.0
19133.0
10166.0
19842.0
20877.0
38079.0
31062.0
15728.0
2464.0
19855.0
9210.0
19905.0
10020.0
8981.0
12357.0
7692.0
12473.0
9188.0
10401.0
25806.0
20348.0
30037.0
29807.0
19093.0
11100.0
30187.0
17832.0
9911.0
20599.0
28621.0
14091.0
24840.0
15604.0
20185.0
13317.0
10144.0
13916.0
17062.0
38026.0
30978.0
28030.0
29924.0
39983.0
29246.0
19992.0
29975.0
19750.0
39724.0
19673.0
28855.0
10015.0
9874.0
19295.0
19937.0
14638.0
24505.0
12258.0
33672.0
14146.0
29590.0
17289.0
15277.0
26117.0
9692.0
954.0
8110.0
20149.0
28901.0
9973.0
10163.0
18869.0
6469.0
12560.0
10021.0
20063.0
9990.0
8959.0
10137.0
9886.0
11639.0
13148.0
24485.0
10172.0
39756.0
19092.0
42214.0
40015.0
16702.0
15417.0
3681.0
19064.0
30110.0
18964.0
9956.0
30082.0
19238.0
29646.0
27433.0
11914.0
9805.0
11360.0
17748.0
20018.0
18246.0
21017.0
25938.0
3873.0
13356.0
15511.0
10014.0
19128.0
10277.0
20364.0
18443.0
9949.0
23547.0
15583.0
9905.0
10119.0
28934.0
30033.0
10073.0
9045.0
1661.0
18359.0
19118.0
19906.0
10360.0
18748.0
32168.0
47679.0
29083.0
33338.0
11324.0
14511.0
20089.0
19892.0
10029.0
19115.0
10604.0
19353.0
28861.0
10362.0
34974.0
4346.0
22687.0
27243.0
18837.0
19970.0
19841.0
9201.0
19905.0
29224.0
30818.0
9972.0
18946.0
20944.0
18142.0
30095.0
19939.0
17301.0
1756.0
20053.0
19008.0
25475.0
24571.0
16710.0
22958.0
17949.0
11471.0
9074.0
19975.0
13424.0
10132.0
19443.0
33300.0
21744.0
10586.0
19546.0
25717.0
33390.0
20017.0
31609.0
18385.0
28946.0
21744.0
17343.0
19404.0
12083.0
27406.0
30065.0
29779.0
29307.0
20044.0
19031.0
9984.0
10099.0
9105.0
19898.0
10034.0
19113.0
9979.0
10503.0
18588.0
10066.0
10016.0
19033.0
19973.0
9927.0
1573.0
17618.0
2509.0
15408.0
11057.0
19958.0
29030.0
32270.0
37793.0
19484.0
9384.0
20739.0
40599.0
28073.0
69846.0
44969.0
31663.0
32383.0
11451.0
21543.0
21066.0
24106.0
19962.0
33270.0
16038.0
39704.0
20245.0
18625.0
20021.0
20127.0
29048.0
39972.0
30089.0
13558.0
15629.0
23961.0
14907.0
10099.0
20025.0
12980.0
681.0
25302.0
19093.0
19970.0
9943.0
10618.0
34624.0
3942.0
29086.0
1265.0
18824.0
19491.0
9640.0
29801.0
29271.0
30913.0
23877.0
14244.0
20030.0
36225.0
16892.0
22248.0
22167.0
21219.0
19968.0
22223.0
6607.0
1008.0
38920.0
18455.0
10168.0
20384.0
8848.0
29737.0
40057.0
28541.0
12501.0
27956.0
18933.0
19840.0
10229.0
29181.0
20559.0
19760.0
19863.0
10149.0
19264.0
9981.0
20014.0
5720.0
19839.0
10032.0
10303.0
9754.0
20135.0
19649.0
19168.0
19953.0
20030.0
18963.0
14133.0
15948.0
30996.0
37897.0
10420.0
21974.0
20835.0
8532.0
18311.0
28872.0
28503.0
9856.0
30088.0
19123.0
10978.0
38964.0
19115.0
9994.0
20089.0
19781.0
9130.0
17338.0
12668.0
19101.0
18021.0
1869.0
20103.0
18935.0
13564.0
16529.0
28209.0
20855.0
9992.0
30053.0
12028.0
17042.0
12320.0
6649.0
30130.0
5860.0
5902.0
17173.0
9979.0
39352.0
19876.0
16116.0
12999.0
31834.0
19853.0
7978.0
19252.0
10072.0
18965.0
20042.0
10048.0
11573.0
17381.0
20076.0
9151.0
9834.0
10174.0
29085.0
19914.0
9900.0
2295.0
11224.0
15536.0
9091.0
20036.0
25303.0
13777.0
59995.0
9854.0
19230.0
20159.0
17071.0
32413.0
29378.0
30113.0
29439.0
35603.0
58226.0
24799.0
29933.0
29984.0
9209.0
18820.0
12322.0
9589.0
28254.0
39633.0
2445.0
26937.0
10018.0
19128.0
19958.0
9991.0
19053.0
20023.0
19999.0
9136.0
20320.0
19331.0
19594.0
23356.0
26513.0
15939.0
13029.0
11899.0
9568.0
10018.0
17681.0
18907.0
19948.0
30127.0
11874.0
7098.0
40058.0
19036.0
23895.0
29778.0
25380.0
9073.0
10278.0
28835.0
9955.0
19138.0
19990.0
30105.0
6358.0
22346.0
24423.0
14813.0
11748.0
18256.0
19064.0
10065.0
10106.0
1225.0
8223.0
9367.0
10394.0
8677.0
20104.0
18967.0
10072.0
20086.0
29023.0
30012.0
23419.0
36113.0
39521.0
20096.0
18974.0
11166.0
19058.0
18983.0
19809.0
20156.0
11956.0
7030.0
19956.0
4249.0
4656.0
10010.0
9086.0
8089.0
11918.0
16251.0
2814.0
17947.0
11164.0
20065.0
23494.0
10476.0
5127.0
9974.0
13493.0
5584.0
19988.0
9208.0
1588.0
18344.0
8972.0
20081.0
9930.0
19084.0
9961.0
20013.0
2030.0
17086.0
19893.0
10456.0
17585.0
11009.0
29048.0
20648.0
19555.0
17717.0
21202.0
9962.0
11933.0
27291.0
40203.0
39689.0
28974.0
33854.0
36215.0
19676.0
39505.0
40009.0
28910.0
20269.0
19742.0
29416.0
39958.0
20326.0
21935.0
16986.0
10511.0
29287.0
29833.0
9308.0
50141.0
20116.0
18768.0
12296.0
17465.0
19088.0
19963.0
32482.0
17027.0
34393.0
3271.0
31416.0
19499.0
32645.0
16646.0
20115.0
20683.0
18037.0
19907.0
36162.0
3459.0
9933.0
19632.0
5934.0
16064.0
10706.0
11424.0
5870.0
5433.0
3311.0
9307.0
9927.0
21760.0
7770.0
26905.0
14402.0
18192.0
21640.0
20095.0
16382.0
15391.0
53930.0
29616.0
50287.0
25892.0
33187.0
43354.0
36476.0
49116.0
30023.0
29410.0
19714.0
10192.0
50599.0
58479.0
25946.0
42875.0
19985.0
10038.0
29096.0
20727.0
9265.0
39060.0
31124.0
28962.0
48933.0
29959.0
60019.0
29078.0
39995.0
50032.0
39364.0
50061.0
29681.0
32014.0
16965.0
10159.0
11156.0
7849.0
21713.0
7248.0
10021.0
2604.0
16400.0
676.0
19300.0
9457.0
9706.0
9996.0
12258.0
16765.0
19921.0
19079.0
20131.0
19944.0
19029.0
1052.0
9219.0
8973.0
11353.0
2535.0
16835.0
8283.0
3171.0
15764.0
15078.0
4918.0
9538.0
9760.0
19882.0
9006.0
10067.0
10032.0
9022.0
9952.0
19928.0
19253.0
11101.0
18791.0
18993.0
9959.0
6178.0
5105.0
15102.0
14859.0
20208.0
16796.0
10902.0
18212.0
10200.0
19789.0
69085.0
40031.0
9910.0
21260.0
8017.0
9884.0
19014.0
9999.0
9998.0
9026.0
30005.0
10092.0
9122.0
19789.0
10106.0
9108.0
9888.0
13569.0
5409.0
16248.0
21644.0
16645.0
15956.0
17638.0
10953.0
18140.0
13382.0
7312.0
18373.0
10023.0
6550.0
3661.0
10635.0
8125.0
19219.0
20070.0
19890.0
19022.0
20403.0
19972.0
8861.0
11524.0
8559.0
8884.0
12667.0
7222.0
836.0
612.0
17608.0
9398.0
20269.0
9846.0
28742.0
30134.0
29637.0
19130.0
19980.0
30032.0
49139.0
18602.0
15964.0
15443.0
9139.0
19844.0
49087.0
59354.0
23334.0
6810.0
9862.0
29678.0
19076.0
621.0
19687.0
18854.0
20307.0
9879.0
20000.0
9026.0
9767.0
10127.0
9974.0
9339.0
11412.0
18706.0
8721.0
19829.0
15693.0
3452.0
20146.0
9878.0
9043.0
10036.0
21173.0
7790.0
19869.0
10092.0
9274.0
9869.0
20213.0
29028.0
11203.0
25328.0
12900.0
962.0
25806.0
12101.0
2245.0
17264.0
19236.0
14002.0
9722.0
15295.0
1728.0
28237.0
9155.0
22721.0
19912.0
16229.0
9736.0
10299.0
18979.0
10274.0
1111.0
8740.0
9449.0
19537.0
10340.0
9348.0
5924.0
23922.0
8812.0
3008.0
16673.0
2908.0
6398.0
13287.0
16632.0
3248.0
15954.0
9896.0
10110.0
10343.0
8693.0
2128.0
15441.0
21404.0
1413.0
18483.0
8926.0
10379.0
9654.0
904.0
21196.0
17354.0
8760.0
19970.0
19975.0
9646.0
9547.0
15641.0
23378.0
738.0
19283.0
9105.0
20013.0
10502.0
18473.0
10493.0
19518.0
19984.0
9208.0
13679.0
24171.0
12692.0
585.0
21649.0
5179.0
10392.0
9634.0
9100.0
19882.0
20092.0
17905.0
1929.0
9264.0
9102.0
19906.0
16027.0
7293.0
15663.0
20117.0
18900.0
10024.0
6086.0
3963.0
16510.0
12532.0
10199.0
8991.0
9885.0
10045.0
19142.0
9939.0
20103.0
19441.0
759.0
21857.0
16751.0
13102.0
660.0
7831.0
16934.0
19915.0
20146.0
18868.0
9837.0
11368.0
23521.0
18669.0
5460.0
19140.0
20103.0
9900.0
8867.0
619.0
19704.0
8960.0
9860.0
11007.0
8199.0
9817.0
19983.0
19143.0
9997.0
20103.0
8936.0
39958.0
20036.0
9908.0
19293.0
9833.0
26041.0
10323.0
2866.0
20159.0
14228.0
4493.0
9969.0
5539.0
3007.0
10469.0
7715.0
11176.0
10274.0
9724.0
9231.0
19974.0
2778.0
20265.0
14400.0
11601.0
12143.0
585.0
26553.0
18909.0
10084.0
9988.0
10053.0
2253.0
16642.0
9266.0
14037.0
14813.0
19857.0
17713.0
6507.0
14969.0
10248.0
10220.0
13412.0
21305.0
4381.0
10057.0
28690.0
20963.0
32407.0
36499.0
10044.0
19930.0
9987.0
15634.0
23598.0
18908.0
10007.0
20120.0
19063.0
19994.0
10716.0
18600.0
9827.0
14084.0
14942.0
10460.0
19591.0
1186.0
17675.0
12618.0
16400.0
10046.0
24834.0
13470.0
19973.0
9968.0
14943.0
4933.0
19746.0
9276.0
10195.0
19872.0
12720.0
17670.0
9150.0
18642.0
16261.0
3808.0
9922.0
9097.0
20008.0
10047.0
18886.0
10051.0
760.0
19143.0
9377.0
9888.0
19997.0
18934.0
10002.0
20083.0
19175.0
19880.0
10161.0
9121.0
16147.0
3542.0
9101.0
10034.0
19842.0
14042.0
4936.0
18394.0
10919.0
20034.0
22228.0
18234.0
18692.0
19827.0
2242.0
6993.0
9926.0
17516.0
22552.0
13201.0
5787.0
19885.0
15746.0
33424.0
9913.0
952.0
17968.0
9973.0
9165.0
20067.0
19962.0
19224.0
9925.0
20035.0
9819.0
9067.0
19728.0
9451.0
10008.0
10200.0
20045.0
28933.0
14019.0
15980.0
18937.0
11937.0
18444.0
19413.0
19175.0
10133.0
9649.0
19837.0
9584.0
28560.0
10655.0
9921.0
19972.0
3351.0
5605.0
29316.0
4642.0
5229.0
13456.0
15943.0
22532.0
8587.0
17192.0
28559.0
16368.0
20682.0
15994.0
27736.0
19195.0
9982.0
10026.0
8915.0
10026.0
12287.0
16754.0
19914.0
10048.0
19375.0
9943.0
9971.0
9042.0
16875.0
13009.0
9672.0
17299.0
2033.0
19215.0
19980.0
14974.0
24532.0
9525.0
20007.0
9081.0
20026.0
11098.0
37970.0
30027.0
20677.0
18510.0
30058.0
59758.0
52839.0
37264.0
20611.0
28174.0
10097.0
29211.0
29852.0
20829.0
29233.0
19052.0
20679.0
39299.0
28457.0
30175.0
29845.0
19753.0
19994.0
30407.0
28674.0
19999.0
10010.0
20008.0
6347.0
2643.0
20293.0
2248.0
6545.0
10056.0
8916.0
20120.0
9920.0
10773.0
18420.0
10233.0
50100.0
27547.0
21102.0
19995.0
39014.0
595.0
19378.0
10105.0
9012.0
14770.0
5251.0
9979.0
8944.0
20941.0
19010.0
20021.0
9952.0
19197.0
13900.0
16167.0
11809.0
15748.0
888.0
3399.0
16209.0
1249.0
19546.0
19762.0
17013.0
11773.0
10293.0
9388.0
20611.0
11410.0
7230.0
19041.0
1995.0
4973.0
11967.0
4878.0
19012.0
5262.0
9968.0
9446.0
9633.0
10360.0
9385.0
9691.0
10630.0
18076.0
20994.0
9131.0
28979.0
9924.0
11306.0
7862.0
9953.0
10085.0
28971.0
32132.0
47894.0
18939.0
10014.0
9978.0
9082.0
10133.0
9902.0
20021.0
19280.0
19774.0
20318.0
511.0
18728.0
8108.0
19871.0
9910.0
25889.0
14206.0
11749.0
12017.0
15310.0
9799.0
12012.0
12728.0
4685.0
21463.0
7143.0
10071.0
14871.0
14216.0
10055.0
19878.0
878.0
18189.0
14324.0
5421.0
13033.0
26205.0
9978.0
20417.0
28632.0
19153.0
6013.0
14616.0
19537.0
9006.0
9865.0
19069.0
10427.0
15220.0
3573.0
8912.0
11584.0
11254.0
6258.0
9983.0
19911.0
9098.0
10100.0
10960.0
8042.0
10025.0
10013.0
19001.0
10007.0
4296.0
5255.0
11308.0
8710.0
24665.0
4867.0
9354.0
19373.0
927.0
8386.0
7028.0
22064.0
703.0
19374.0
18943.0
651.0
19517.0
18988.0
9934.0
10063.0
12251.0
16779.0
4528.0
5510.0
19024.0
10034.0
10007.0
10426.0
8856.0
19846.0
674.0
8285.0
10032.0
10152.0
18918.0
9917.0
10083.0
21243.0
7724.0
2594.0
6729.0
19764.0
10560.0
18881.0
19792.0
19806.0
15305.0
4432.0
22014.0
16437.0
1210.0
12325.0
21213.0
4293.0
20046.0
19140.0
9936.0
6643.0
12600.0
9776.0
20016.0
19036.0
12032.0
4170.0
6111.0
16803.0
29918.0
9206.0
11521.0
14908.0
12630.0
29088.0
950.0
19099.0
9874.0
30665.0
28336.0
19922.0
30024.0
29153.0
29901.0
34361.0
24764.0
20232.0
29789.0
33610.0
35399.0
30001.0
19124.0
19829.0
20025.0
14383.0
4684.0
16405.0
12710.0
9951.0
20524.0
8194.0
10309.0
19272.0
19889.0
21768.0
11324.0
15067.0
9944.0
18945.0
10074.0
19605.0
9475.0
9229.0
19765.0
10058.0
9069.0
10093.0
10228.0
8875.0
19923.0
19942.0
19313.0
9766.0
17003.0
4872.0
17161.0
10178.0
9478.0
20189.0
9332.0
9209.0
9958.0
10796.0
10754.0
7804.0
19640.0
19846.0
16595.0
2530.0
19990.0
664.0
18694.0
10004.0
19336.0
9568.0
13866.0
5532.0
592.0
19382.0
18631.0
10131.0
10016.0
16984.0
2271.0
10756.0
18112.0
9894.0
10039.0
12055.0
579.0
16291.0
9288.0
9917.0
12985.0
15920.0
9958.0
20007.0
19078.0
650.0
19966.0
10145.0
18420.0
10695.0
9477.0
8704.0
616.0
19535.0
68321.0
44798.0
5929.0
20019.0
486.0
16326.0
12359.0
18834.0
10035.0
19995.0
16163.0
2949.0
20166.0
9009.0
19862.0
40887.0
28323.0
20713.0
19213.0
19023.0
20047.0
9997.0
11973.0
7569.0
10927.0
20678.0
15627.0
21458.0
8965.0
10006.0
9968.0
19145.0
10367.0
9583.0
9082.0
19903.0
10020.0
29050.0
30032.0
33529.0
21019.0
14603.0
20099.0
18816.0
20080.0
19914.0
8961.0
10059.0
20044.0
14779.0
24389.0
11379.0
7711.0
19884.0
13669.0
5533.0
9891.0
20023.0
7018.0
2038.0
10009.0
19060.0
20001.0
10035.0
19029.0
642.0
19418.0
9458.0
9844.0
19951.0
18845.0
13425.0
6678.0
1764.0
14385.0
3180.0
18811.0
16974.0
12838.0
29116.0
19908.0
27930.0
3963.0
16072.0
2410.0
17752.0
11176.0
28862.0
18977.0
20439.0
9716.0
9761.0
19546.0
24154.0
14532.0
19890.0
10039.0
9318.0
19971.0
9916.0
9280.0
20093.0
19640.0
11900.0
17150.0
19958.0
615.0
8479.0
10096.0
18988.0
1562.0
18460.0
10423.0
8615.0
20022.0
10077.0
29012.0
19952.0
2269.0
16795.0
25458.0
13726.0
10050.0
29798.0
29166.0
9914.0
10027.0
19428.0
9629.0
10208.0
18806.0
10055.0
14913.0
4082.0
10084.0
10006.0
19034.0
30027.0
9976.0
9023.0
9826.0
20062.0
9271.0
10083.0
4318.0
4564.0
10027.0
9903.0
19957.0
8918.0
19998.0
11965.0
11952.0
5699.0
12514.0
6457.0
10724.0
1231.0
18586.0
11767.0
7580.0
19161.0
19710.0
13102.0
6257.0
12851.0
18451.0
7748.0
17513.0
11305.0
19053.0
9965.0
9161.0
22255.0
16707.0
10219.0
7928.0
9931.0
10048.0
7143.0
29949.0
22261.0
3600.0
10795.0
19641.0
9154.0
11142.0
7859.0
10069.0
19408.0
9754.0
39168.0
19613.0
16192.0
3206.0
8028.0
9875.0
16280.0
22650.0
15464.0
16641.0
6087.0
9505.0
8113.0
20124.0
17081.0
12493.0
12799.0
19971.0
954.0
19830.0
19558.0
30269.0
18796.0
12288.0
18319.0
17784.0
7006.0
18451.0
51638.0
27752.0
31134.0
22514.0
13701.0
10023.0
9491.0
9720.0
2337.0
13270.0
5654.0
11009.0
12679.0
9865.0
8942.0
9985.0
16109.0
10113.0
12449.0
20212.0
19305.0
10622.0
14978.0
9874.0
15560.0
22127.0
3936.0
3736.0
20098.0
1566.0
18052.0
1787.0
7327.0
10175.0
18691.0
9317.0
9827.0
9273.0
30241.0
5261.0
9970.0
18276.0
1103.0
19465.0
8124.0
7755.0
8553.0
20213.0
18767.0
20008.0
3753.0
4209.0
10564.0
805.0
8721.0
5102.0
20231.0
5065.0
11863.0
10211.0
19743.0
935.0
19146.0
19950.0
8084.0
20325.0
9942.0
2512.0
16122.0
19162.0
6258.0
9987.0
675.0
17077.0
10242.0
10137.0
17120.0
6158.0
17476.0
2893.0
4339.0
11620.0
15040.0
12455.0
20048.0
7102.0
9951.0
8364.0
3314.0
12798.0
4448.0
8957.0
9092.0
10039.0
10034.0
8067.0
10092.0
20039.0
9077.0
10254.0
9810.0
7659.0
1642.0
9768.0
6654.0
19231.0
3256.0
6878.0
19823.0
10704.0
19084.0
20171.0
27947.0
19887.0
11098.0
14821.0
9473.0
10246.0
19679.0
30177.0
20007.0
11066.0
13294.0
9658.0
7172.0
8137.0
7676.0
10148.0
28756.0
10367.0
10508.0
7914.0
18565.0
19892.0
19151.0
19943.0
9429.0
12789.0
6184.0
9713.0
8140.0
6486.0
13836.0
638.0
10077.0
19067.0
9799.0
30412.0
8762.0
20361.0
29299.0
9876.0
25082.0
4405.0
14385.0
14865.0
9944.0
14026.0
15175.0
19693.0
19960.0
29426.0
10118.0
12085.0
10380.0
10437.0
25757.0
18987.0
20575.0
19529.0
1020.0
18035.0
10051.0
9023.0
20014.0
20133.0
8888.0
10047.0
20111.0
9016.0
10072.0
10453.0
13909.0
14962.0
20335.0
9286.0
9115.0
10461.0
10983.0
27433.0
654.0
19852.0
18852.0
9922.0
11159.0
1764.0
16443.0
9621.0
9998.0
19203.0
9884.0
11080.0
996.0
7177.0
11065.0
8007.0
19918.0
9980.0
18999.0
772.0
19194.0
10415.0
9698.0
10109.0
8920.0
10030.0
10089.0
9611.0
9257.0
20286.0
8743.0
10220.0
30304.0
8568.0
2305.0
27772.0
9411.0
9754.0
9878.0
13815.0
15226.0
17064.0
12059.0
19994.0
9991.0
8929.0
20022.0
9954.0
10045.0
22710.0
36526.0
40000.0
68830.0
30008.0
20564.0
28678.0
33418.0
46527.0
29132.0
29926.0
20038.0
9352.0
19714.0
2327.0
6683.0
10124.0
14382.0
15547.0
8950.0
10262.0
10745.0
18461.0
19815.0
19929.0
9073.0
9924.0
10211.0
19011.0
9915.0
19872.0
9145.0
9993.0
25804.0
3341.0
9906.0
19941.0
19406.0
9716.0
10025.0
19113.0
10085.0
9757.0
19071.0
9954.0
10084.0
18967.0
20154.0
11810.0
8427.0
18804.0
30265.0
15817.0
13078.0
9868.0
10071.0
9017.0
19941.0
19131.0
9945.0
9029.0
619.0
19506.0
4966.0
13934.0
11571.0
8540.0
18952.0
20008.0
10042.0
10132.0
18856.0
9961.0
20274.0
18913.0
10238.0
11399.0
17405.0
20163.0
13245.0
15649.0
20057.0
19705.0
9508.0
19856.0
9916.0
18710.0
20382.0
20106.0
29162.0
9931.0
12064.0
10233.0
16747.0
20798.0
9100.0
10283.0
8870.0
20481.0
12652.0
21637.0
4383.0
4015.0
15029.0
9899.0
18959.0
9903.0
11698.0
18311.0
9539.0
9672.0
19018.0
10782.0
19249.0
18951.0
645.0
19630.0
5911.0
4696.0
8883.0
18664.0
19897.0
14676.0
7513.0
13167.0
3729.0
3126.0
10026.0
25816.0
10648.0
28706.0
13805.0
5115.0
9905.0
19963.0
19247.0
21884.0
15269.0
12224.0
10691.0
18982.0
9665.0
19217.0
9704.0
10712.0
18656.0
10031.0
10071.0
10767.0
18195.0
19130.0
18653.0
11273.0
19078.0
9915.0
12674.0
8733.0
589.0
17111.0
9873.0
9209.0
19933.0
19256.0
9871.0
10041.0
19278.0
9775.0
11077.0
18291.0
702.0
19053.0
19043.0
20792.0
9369.0
9814.0
10123.0
25999.0
22168.0
24406.0
15577.0
19206.0
9857.0
19967.0
10532.0
18678.0
10013.0
29052.0
20211.0
19862.0
18984.0
20278.0
19710.0
19056.0
19835.0
20056.0
9326.0
19625.0
10008.0
9195.0
10768.0
19177.0
10834.0
12580.0
16523.0
9017.0
856.0
9161.0
9982.0
20350.0
19756.0
25392.0
13598.0
10017.0
10026.0
19944.0
29960.0
10044.0
10551.0
9488.0
19914.0
19133.0
9973.0
10198.0
20195.0
9598.0
20078.0
19861.0
10094.0
19756.0
19834.0
658.0
14772.0
14691.0
19879.0
10033.0
19994.0
10029.0
9941.0
11379.0
18964.0
956.0
9780.0
19358.0
20233.0
29680.0
27649.0
33811.0
46848.0
31290.0
37373.0
22061.0
16534.0
9906.0
9381.0
9771.0
17616.0
20003.0
19486.0
20009.0
1795.0
20771.0
873.0
16249.0
10041.0
9219.0
10061.0
4857.0
5323.0
19689.0
10001.0
20014.0
10029.0
18911.0
10019.0
1717.0
10226.0
16262.0
19934.0
10177.0
9144.0
19803.0
2243.0
16807.0
15479.0
3703.0
9050.0
29385.0
8702.0
21737.0
11875.0
17842.0
18087.0
19925.0
30089.0
9279.0
9811.0
10047.0
10164.0
9770.0
9864.0
9945.0
15078.0
13985.0
9801.0
30058.0
16287.0
14437.0
6715.0
16379.0
11513.0
10626.0
20007.0
17552.0
7269.0
1860.0
19977.0
19991.0
9068.0
10260.0
8736.0
10294.0
9538.0
19298.0
12164.0
6929.0
20158.0
8869.0
10066.0
8785.0
9945.0
10073.0
19261.0
10354.0
9644.0
9513.0
19704.0
22273.0
11772.0
24850.0
9974.0
10785.0
18521.0
9917.0
18904.0
20025.0
10057.0
8918.0
20036.0
9975.0
9329.0
10836.0
19416.0
8724.0
19963.0
30219.0
9104.0
10035.0
9916.0
609.0
18271.0
11741.0
17309.0
9958.0
10022.0
9225.0
20597.0
13761.0
4709.0
9884.0
11654.0
18391.0
862.0
19371.0
17821.0
10535.0
19929.0
19603.0
9442.0
19679.0
8352.0
11589.0
9454.0
19610.0
20145.0
18814.0
10092.0
10857.0
18273.0
20249.0
19736.0
9065.0
12983.0
7853.0
18186.0
19951.0
10519.0
18663.0
20873.0
18999.0
9130.0
21169.0
28895.0
10122.0
18826.0
9989.0
9046.0
29954.0
9998.0
13081.0
16443.0
15410.0
23185.0
1955.0
13069.0
6074.0
17952.0
13135.0
26057.0
9930.0
10022.0
17093.0
1946.0
10024.0
12565.0
16292.0
20315.0
8932.0
9978.0
12405.0
22236.0
5911.0
28437.0
10174.0
59001.0
40014.0
58951.0
30022.0
40022.0
17799.0
8936.0
12351.0
9002.0
20065.0
9970.0
19115.0
10031.0
19991.0
21612.0
841.0
26594.0
9998.0
19143.0
12830.0
17274.0
18794.0
604.0
19522.0
18988.0
606.0
10353.0
18527.0
9583.0
19956.0
18352.0
726.0
14654.0
14384.0
9993.0
13430.0
15729.0
19992.0
10041.0
20109.0
2835.0
9167.0
6748.0
9246.0
10009.0
19204.0
10887.0
8947.0
11263.0
8805.0
18976.0
19979.0
8867.0
10410.0
13821.0
15125.0
19973.0
20086.0
16525.0
14718.0
7802.0
19920.0
19090.0
632.0
20689.0
17704.0
9974.0
5212.0
4903.0
11913.0
7038.0
20007.0
9923.0
4372.0
14748.0
9954.0
20033.0
8787.0
10027.0
10056.0
9383.0
19981.0
9936.0
9918.0
9329.0
20209.0
20890.0
19146.0
816.0
8114.0
10386.0
21513.0
16886.0
1074.0
28672.0
10181.0
19253.0
9863.0
19065.0
9949.0
10000.0
19238.0
19963.0
20101.0
10174.0
8999.0
20291.0
23757.0
15101.0
19677.0
20186.0
19097.0
9971.0
21064.0
18025.0
14948.0
11643.0
4200.0
10714.0
17551.0
12438.0
8187.0
18329.0
9985.0
19133.0
9975.0
2933.0
11891.0
14261.0
19815.0
9769.0
11657.0
17714.0
9415.0
19694.0
10306.0
8727.0
30040.0
10021.0
18767.0
20230.0
9803.0
10885.0
18426.0
10051.0
29977.0
8961.0
9991.0
20289.0
10356.0
28712.0
19724.0
756.0
467.0
17837.0
19042.0
20118.0
10847.0
7545.0
618.0
20065.0
8931.0
9993.0
20056.0
8993.0
9976.0
20195.0
8947.0
9932.0
20091.0
9001.0
10059.0
30027.0
9010.0
20006.0
20131.0
15251.0
24116.0
9575.0
19344.0
19881.0
22407.0
12482.0
4893.0
14520.0
3864.0
9733.0
10906.0
8517.0
9808.0
19924.0
10155.0
19631.0
9383.0
20096.0
9730.0
8190.0
29779.0
10021.0
10096.0
1169.0
19294.0
19929.0
26724.0
9902.0
12635.0
17165.0
10002.0
5482.0
25966.0
12885.0
14600.0
18195.0
25232.0
13994.0
19921.0
12413.0
6626.0
20085.0
19917.0
9113.0
10098.0
9867.0
9418.0
10809.0
18866.0
9036.0
12133.0
16059.0
20229.0
9977.0
11756.0
17933.0
11723.0
22034.0
15677.0
4314.0
9922.0
19463.0
13121.0
6991.0
20637.0
9357.0
18993.0
1024.0
19010.0
1132.0
16022.0
9890.0
14209.0
17003.0
10624.0
4495.0
3446.0
12632.0
14777.0
19999.0
10861.0
17465.0
20297.0
19663.0
19450.0
20071.0
9942.0
14417.0
12049.0
9961.0
10188.0
29940.0
11703.0
17233.0
20045.0
7736.0
19082.0
2340.0
19550.0
19187.0
580.0
14911.0
13353.0
24154.0
24460.0
30641.0
10608.0
9867.0
18666.0
9430.0
18466.0
19982.0
4890.0
19607.0
9214.0
10019.0
18779.0
30772.0
8337.0
13366.0
16863.0
8759.0
20051.0
19045.0
30381.0
8638.0
20017.0
9028.0
5561.0
14577.0
28957.0
4117.0
9907.0
15871.0
24118.0
9990.0
10154.0
19945.0
9355.0
18817.0
12843.0
11651.0
5526.0
19300.0
11002.0
18756.0
10044.0
12649.0
10946.0
24590.0
19945.0
9944.0
9109.0
19898.0
19171.0
9967.0
1038.0
28047.0
9335.0
19889.0
19012.0
11262.0
19330.0
38272.0
19192.0
9944.0
19080.0
10050.0
8939.0
19951.0
11747.0
7996.0
9919.0
10269.0
7395.0
19015.0
20089.0
26216.0
11795.0
18190.0
8871.0
656.0
15576.0
7222.0
20696.0
4542.0
10023.0
10059.0
598.0
8446.0
2671.0
16549.0
19229.0
11311.0
11627.0
16991.0
10125.0
8787.0
20103.0
19988.0
18048.0
3700.0
9740.0
17784.0
20065.0
10062.0
19922.0
39378.0
39956.0
37608.0
9890.0
20239.0
6681.0
6549.0
18976.0
10080.0
8932.0
19983.0
18946.0
20399.0
8681.0
40369.0
44249.0
20044.0
7725.0
9999.0
10029.0
19364.0
9835.0
9963.0
19036.0
10047.0
9159.0
10769.0
19422.0
8804.0
29935.0
8985.0
9910.0
10241.0
9003.0
19949.0
9088.0
19889.0
13991.0
5032.0
19357.0
9848.0
19030.0
19970.0
10143.0
4773.0
15630.0
17569.0
4845.0
13483.0
9790.0
10374.0
29705.0
18999.0
10036.0
10022.0
29999.0
2867.0
13660.0
22636.0
20013.0
26617.0
22997.0
15302.0
7049.0
10952.0
18081.0
21905.0
10247.0
11572.0
28140.0
662.0
22004.0
735.0
25580.0
1130.0
10366.0
17016.0
29607.0
9881.0
29218.0
10015.0
9952.0
19197.0
10103.0
19757.0
9306.0
10232.0
19587.0
18975.0
10269.0
9868.0
19013.0
10091.0
9809.0
9202.0
30129.0
19941.0
9096.0
20168.0
22011.0
16752.0
802.0
10655.0
21961.0
16682.0
9789.0
9175.0
7805.0
8500.0
29940.0
20614.0
9462.0
19930.0
19189.0
15345.0
4852.0
19821.0
9950.0
14847.0
24632.0
19761.0
30285.0
39355.0
18965.0
9963.0
14034.0
7509.0
17348.0
11055.0
9868.0
7109.0
16405.0
4808.0
27537.0
15700.0
15546.0
9971.0
663.0
12281.0
16658.0
18110.0
20184.0
18877.0
10538.0
18385.0
10145.0
19639.0
9977.0
13216.0
7002.0
17339.0
12001.0
19209.0
11221.0
7655.0
19846.0
19995.0
2782.0
26306.0
10275.0
19711.0
9611.0
9366.0
20013.0
9263.0
9923.0
19903.0
9198.0
10050.0
11999.0
6981.0
9895.0
10319.0
8861.0
19929.0
15658.0
20528.0
12736.0
23002.0
15931.0
9892.0
15532.0
13359.0
12064.0
17266.0
20000.0
12235.0
6836.0
10360.0
20102.0
11935.0
6542.0
28193.0
10117.0
18683.0
10014.0
17204.0
19760.0
10285.0
9701.0
10225.0
19985.0
19744.0
9078.0
9890.0
9235.0
10332.0
18690.0
20052.0
10013.0
19981.0
9984.0
10075.0
18916.0
10081.0
10064.0
19989.0
9860.0
10518.0
9635.0
18961.0
14367.0
19687.0
11851.0
4121.0
19932.0
15347.0
13833.0
19921.0
11067.0
10247.0
18670.0
10088.0
11466.0
17863.0
9730.0
15033.0
23115.0
27645.0
34136.0
31547.0
18493.0
10122.0
9877.0
9351.0
9964.0
20253.0
20044.0
10733.0
18916.0
19446.0
20292.0
798.0
17896.0
19157.0
16199.0
23718.0
19398.0
19667.0
8957.0
5344.0
5867.0
17908.0
19996.0
18663.0
20300.0
713.0
19899.0
623.0
18154.0
19992.0
10742.0
27716.0
19974.0
5479.0
19984.0
18157.0
10302.0
8728.0
12303.0
4906.0
4203.0
14884.0
10462.0
9614.0
19421.0
6132.0
2615.0
19896.0
21125.0
25834.0
12203.0
8877.0
9948.0
19333.0
1891.0
11582.0
16479.0
9466.0
10212.0
9717.0
11055.0
9854.0
627.0
19517.0
9858.0
10058.0
9867.0
10006.0
11129.0
17930.0
20179.0
28838.0
30096.0
9820.0
19076.0
10028.0
720.0
28399.0
20085.0
10602.0
18367.0
10309.0
9646.0
19127.0
19952.0
19038.0
9998.0
13185.0
11978.0
10444.0
19604.0
19124.0
12096.0
19781.0
17117.0
18147.0
9810.0
9352.0
20085.0
9072.0
9946.0
30012.0
19854.0
29152.0
5672.0
13436.0
18981.0
7441.0
15590.0
26038.0
19941.0
20054.0
11893.0
17128.0
10615.0
28381.0
704.0
18274.0
10003.0
19022.0
10214.0
10049.0
28838.0
11450.0
17688.0
19963.0
19048.0
9965.0
19116.0
10457.0
18667.0
20010.0
19052.0
24299.0
9103.0
15609.0
8994.0
20225.0
18865.0
19996.0
646.0
15311.0
22154.0
10014.0
11904.0
16547.0
20697.0
2165.0
6736.0
10067.0
5379.0
5690.0
16359.0
16442.0
13333.0
10107.0
7623.0
10417.0
19201.0
15212.0
20062.0
19100.0
10119.0
9076.0
9771.0
619.0
19395.0
9132.0
15734.0
19717.0
19666.0
10464.0
18779.0
9950.0
10827.0
26289.0
10214.0
5317.0
9012.0
17288.0
11694.0
27711.0
1266.0
4989.0
22209.0
40041.0
46575.0
17675.0
10069.0
3969.0
19632.0
9134.0
9862.0
23447.0
19965.0
9965.0
9197.0
13713.0
7082.0
14707.0
13343.0
10698.0
18451.0
10015.0
10439.0
11339.0
18233.0
9892.0
9905.0
9906.0
10974.0
4218.0
12174.0
16767.0
10053.0
33572.0
36584.0
37942.0
29905.0
18208.0
11081.0
7942.0
10878.0
8916.0
9458.0
10236.0
18576.0
9147.0
10898.0
18466.0
14146.0
14652.0
23824.0
5229.0
19935.0
20044.0
9080.0
9944.0
19108.0
11764.0
11315.0
9092.0
1430.0
15922.0
18308.0
10251.0
5795.0
19784.0
18140.0
11155.0
28768.0
10055.0
11165.0
16637.0
10308.0
20956.0
9009.0
10314.0
10093.0
9500.0
11407.0
18114.0
17834.0
1049.0
18832.0
19993.0
10030.0
9976.0
30278.0
23636.0
14727.0
10054.0
9930.0
9185.0
9992.0
10202.0
5228.0
3619.0
27083.0
11958.0
20025.0
998.0
27156.0
11457.0
26721.0
10852.0
20015.0
19991.0
10489.0
18892.0
15642.0
4619.0
4170.0
7630.0
17588.0
13111.0
19474.0
10047.0
9886.0
11712.0
18358.0
10980.0
8279.0
19558.0
20470.0
9013.0
19723.0
9460.0
29768.0
10087.0
8818.0
9790.0
10024.0
9302.0
9857.0
30061.0
19165.0
19785.0
30027.0
20783.0
38289.0
30005.0
27804.0
33666.0
16793.0
39878.0
32549.0
26624.0
43026.0
35988.0
39890.0
30047.0
9185.0
19910.0
19038.0
9978.0
18994.0
9242.0
10747.0
3678.0
20800.0
4616.0
12444.0
16688.0
9977.0
19066.0
20061.0
13334.0
16598.0
8107.0
19987.0
13511.0
10058.0
1068.0
3117.0
7324.0
3175.0
16228.0
8646.0
6562.0
15514.0
6355.0
19793.0
57194.0
40336.0
48854.0
20030.0
8773.0
20068.0
9684.0
9373.0
18715.0
19446.0
8453.0
9828.0
8090.0
19848.0
15294.0
20151.0
22495.0
10000.0
19046.0
5362.0
13663.0
10741.0
14615.0
9886.0
39905.0
49958.0
16396.0
24138.0
14948.0
788.0
23846.0
14411.0
10556.0
19414.0
10301.0
9791.0
1835.0
17174.0
10344.0
29612.0
19982.0
9851.0
20059.0
14994.0
10078.0
9914.0
20250.0
3807.0
541.0
25366.0
19015.0
9969.0
10029.0
10528.0
7898.0
18754.0
11960.0
17209.0
19989.0
19364.0
11279.0
7672.0
19825.0
9126.0
9932.0
20049.0
9216.0
9961.0
9888.0
17593.0
2378.0
9657.0
27562.0
12440.0
2042.0
10033.0
10669.0
19895.0
9310.0
19992.0
20116.0
20493.0
22187.0
15598.0
10016.0
16401.0
17650.0
723.0
16699.0
11995.0
23339.0
15979.0
9879.0
19963.0
24224.0
15280.0
10118.0
20077.0
20565.0
27561.0
11508.0
9403.0
19924.0
20330.0
29506.0
19092.0
14258.0
5356.0
11002.0
17724.0
19838.0
30130.0
9584.0
9598.0
19602.0
9333.0
20008.0
10695.0
19504.0
29788.0
10380.0
19372.0
29714.0
14698.0
20108.0
20048.0
10215.0
14726.0
14939.0
9907.0
19074.0
11023.0
14196.0
10080.0
17723.0
10058.0
5069.0
12654.0
9783.0
24446.0
18592.0
9981.0
20016.0
10543.0
19488.0
10732.0
10264.0
7963.0
10186.0
14056.0
25753.0
9164.0
27761.0
5490.0
32663.0
14013.0
28171.0
18977.0
9976.0
8358.0
19952.0
5366.0
5087.0
3489.0
9352.0
4680.0
10080.0
19621.0
9949.0
20047.0
9634.0
10033.0
20022.0
13307.0
18689.0
20082.0
957.0
9439.0
10572.0
13052.0
20263.0
15225.0
898.0
18891.0
5895.0
14680.0
20165.0
13645.0
8849.0
9683.0
3234.0
16262.0
19874.0
12603.0
17475.0
19965.0
19430.0
16723.0
13253.0
7400.0
580.0
19660.0
9760.0
19932.0
20406.0
10967.0
7963.0
49657.0
9549.0
11145.0
10720.0
6212.0
630.0
17882.0
12152.0
56920.0
40058.0
39439.0
39687.0
1947.0
8170.0
9869.0
5239.0
26629.0
8145.0
15347.0
2022.0
17914.0
10182.0
9480.0
10029.0
10104.0
696.0
17365.0
7957.0
9984.0
19045.0
9998.0
20838.0
8347.0
29968.0
10028.0
16339.0
12864.0
9853.0
10018.0
9999.0
10043.0
9724.0
16013.0
13777.0
14132.0
9926.0
10043.0
10422.0
19664.0
19991.0
19771.0
9230.0
19930.0
4643.0
9967.0
20147.0
9927.0
9088.0
20134.0
9489.0
9821.0
22564.0
3705.0
17289.0
10123.0
10404.0
12565.0
17205.0
19764.0
19665.0
19524.0
7807.0
20045.0
9080.0
10652.0
3767.0
14594.0
9085.0
20156.0
19875.0
18980.0
10326.0
19664.0
25985.0
13509.0
10144.0
19724.0
10030.0
29158.0
20385.0
27643.0
14341.0
19738.0
10078.0
12288.0
9864.0
7789.0
9956.0
9026.0
19941.0
16355.0
29829.0
19697.0
39434.0
19997.0
8800.0
30386.0
19662.0
19491.0
9831.0
10006.0
10132.0
19515.0
20250.0
23396.0
21984.0
30290.0
19553.0
22019.0
18094.0
19859.0
10027.0
8898.0
10499.0
17734.0
20153.0
7173.0
10797.0
19385.0
19009.0
8786.0
10285.0
9801.0
9863.0
19867.0
20422.0
9218.0
19947.0
599.0
10296.0
9103.0
10353.0
9663.0
17963.0
29545.0
16412.0
600.0
19947.0
14123.0
5361.0
19603.0
6893.0
19685.0
9857.0
20226.0
19657.0
10205.0
29792.0
9091.0
29900.0
19003.0
10013.0
12859.0
16632.0
18571.0
10022.0
10959.0
8169.0
9948.0
10037.0
19122.0
19933.0
5623.0
13595.0
4641.0
24515.0
9866.0
19222.0
20008.0
19949.0
17431.0
20363.0
1159.0
18555.0
11996.0
18002.0
19128.0
946.0
18875.0
19513.0
29622.0
19352.0
29684.0
29139.0
50171.0
28868.0
19940.0
19125.0
20206.0
874.0
8951.0
9252.0
9133.0
19789.0
8867.0
20278.0
20462.0
29377.0
9880.0
14240.0
8768.0
16432.0
12456.0
4015.0
10102.0
9931.0
10178.0
9797.0
13464.0
7309.0
17138.0
9972.0
936.0
24523.0
4323.0
15487.0
18528.0
30434.0
9418.0
17397.0
3200.0
18715.0
19914.0
10202.0
13178.0
20169.0
9879.0
9780.0
11164.0
23648.0
23140.0
3488.0
15595.0
10673.0
9415.0
10749.0
18136.0
4081.0
5626.0
19341.0
9116.0
10180.0
25677.0
4066.0
20081.0
17319.0
2213.0
10084.0
14047.0
9898.0
10081.0
19992.0
11993.0
8673.0
20311.0
26642.0
11452.0
1605.0
18525.0
8243.0
10699.0
10782.0
15897.0
2309.0
20081.0
19108.0
10062.0
10121.0
18863.0
12342.0
7671.0
19481.0
19628.0
18692.0
20011.0
20002.0
20094.0
20096.0
9505.0
9983.0
19925.0
36590.0
33100.0
36611.0
39775.0
19990.0
19949.0
5408.0
18106.0
16162.0
5628.0
6948.0
10020.0
20617.0
18972.0
10358.0
20421.0
8542.0
576.0
19735.0
20087.0
9421.0
605.0
29213.0
9584.0
20815.0
18933.0
8237.0
19929.0
19050.0
10001.0
8964.0
15808.0
14695.0
8504.0
20208.0
9300.0
9932.0
10014.0
10055.0
9477.0
9942.0
11675.0
15279.0
5972.0
4510.0
19384.0
9990.0
10054.0
10221.0
18851.0
10034.0
10459.0
18512.0
10020.0
19159.0
9880.0
19844.0
12552.0
4910.0
20025.0
1946.0
17055.0
9416.0
39819.0
40092.0
29965.0
42264.0
7410.0
9886.0
4740.0
6621.0
19614.0
10036.0
14905.0
5346.0
27291.0
11711.0
16157.0
13700.0
3171.0
5847.0
13962.0
5248.0
9591.0
9292.0
9740.0
18475.0
10796.0
19773.0
18879.0
10675.0
9260.0
9352.0
13135.0
19264.0
9475.0
16705.0
9914.0
16505.0
17097.0
16425.0
19468.0
10027.0
10063.0
15190.0
30235.0
26927.0
37093.0
35875.0
938.0
19091.0
10341.0
18566.0
10089.0
29075.0
9990.0
4316.0
5140.0
9923.0
18632.0
19594.0
9559.0
20158.0
1256.0
47783.0
9976.0
9902.0
13122.0
16922.0
10017.0
25523.0
12698.0
9815.0
623.0
19328.0
10565.0
16019.0
13275.0
9159.0
12630.0
6031.0
10052.0
9195.0
9975.0
12334.0
4760.0
9055.0
25178.0
8778.0
15408.0
8649.0
11129.0
18860.0
20254.0
22558.0
13173.0
14871.0
19522.0
4824.0
18680.0
9994.0
19994.0
20003.0
9939.0
19969.0
19023.0
9823.0
12898.0
26432.0
11169.0
14500.0
10007.0
39509.0
20040.0
13345.0
20296.0
624.0
4190.0
8394.0
12262.0
9827.0
15531.0
13914.0
19642.0
19495.0
9568.0
19997.0
19052.0
2034.0
28045.0
10557.0
18481.0
20036.0
11353.0
18292.0
634.0
9165.0
28192.0
13954.0
12510.0
36384.0
13577.0
10721.0
23233.0
14957.0
10036.0
21055.0
29105.0
18706.0
3365.0
5666.0
10120.0
11068.0
17953.0
18172.0
9899.0
9093.0
20025.0
9681.0
9896.0
20041.0
3846.0
28327.0
769.0
325.0
20286.0
22528.0
21707.0
4210.0
17421.0
2499.0
9556.0
10216.0
16626.0
11792.0
10684.0
10083.0
19221.0
9208.0
17000.0
18322.0
13496.0
10000.0
20109.0
1418.0
8397.0
8368.0
8696.0
10298.0
10049.0
2631.0
16632.0
17885.0
10668.0
680.0
9468.0
3671.0
26529.0
1267.0
19084.0
4793.0
11281.0
7049.0
13169.0
6917.0
10895.0
18980.0
14479.0
6332.0
20597.0
17822.0
10079.0
19844.0
9999.0
10157.0
9894.0
6781.0
2160.0
2892.0
27201.0
17337.0
12675.0
30531.0
18498.0
10068.0
602.0
15280.0
13281.0
9963.0
602.0
19454.0
819.0
25007.0
13598.0
29907.0
19423.0
12443.0
7508.0
10059.0
23340.0
9421.0
5421.0
7980.0
20285.0
8917.0
14248.0
11897.0
20043.0
32405.0
4592.0
19212.0
15645.0
11697.0
23229.0
15550.0
27863.0
10671.0
22228.0
16594.0
19983.0
9930.0
10013.0
19259.0
9906.0
9102.0
21510.0
6653.0
29884.0
16321.0
30739.0
50085.0
21686.0
15020.0
9357.0
19884.0
9286.0
10036.0
28871.0
10026.0
18953.0
20676.0
8866.0
8829.0
9890.0
28247.0
24567.0
4419.0
9992.0
9458.0
19677.0
9266.0
9977.0
6941.0
20113.0
8066.0
9929.0
9171.0
19986.0
7778.0
11281.0
12686.0
20038.0
15581.0
17760.0
9365.0
15939.0
27312.0
22387.0
14828.0
11543.0
5377.0
14793.0
11385.0
19818.0
7232.0
19039.0
13582.0
17409.0
38989.0
26374.0
23594.0
29939.0
29189.0
9765.0
10772.0
19447.0
10087.0
9647.0
19242.0
9341.0
21653.0
8140.0
10051.0
9636.0
19199.0
15882.0
14748.0
8708.0
19011.0
9893.0
10289.0
29203.0
19594.0
9089.0
13207.0
15882.0
12901.0
16168.0
9929.0
687.0
8365.0
28957.0
17936.0
12716.0
8498.0
9947.0
11281.0
17896.0
16388.0
3868.0
17752.0
10724.0
29300.0
9965.0
28187.0
674.0
20127.0
10092.0
9894.0
9130.0
9959.0
20021.0
9295.0
19934.0
599.0
16372.0
13088.0
19608.0
9758.0
9936.0
5089.0
11962.0
6142.0
19796.0
8118.0
15057.0
11960.0
3454.0
14879.0
13577.0
9601.0
18284.0
9292.0
13381.0
8114.0
9826.0
11989.0
19896.0
30334.0
29700.0
39957.0
30033.0
10081.0
19355.0
10076.0
19002.0
20025.0
10138.0
9789.0
9995.0
9043.0
10065.0
8979.0
19932.0
10015.0
30017.0
20574.0
9455.0
13498.0
15430.0
30270.0
19747.0
17605.0
17761.0
24909.0
18685.0
20029.0
10061.0
9899.0
20052.0
19943.0
19700.0
19941.0
9965.0
10139.0
9935.0
19326.0
20045.0
8498.0
10054.0
9624.0
15047.0
13924.0
9921.0
9116.0
20126.0
19618.0
20000.0
18621.0
9736.0
19223.0
19965.0
1687.0
16077.0
26536.0
10037.0
17120.0
20381.0
18705.0
10026.0
10001.0
19109.0
10004.0
15259.0
10677.0
6443.0
21018.0
11765.0
4496.0
9978.0
702.0
19247.0
11621.0
12593.0
14587.0
10025.0
10643.0
13354.0
14084.0
11229.0
8050.0
13427.0
14605.0
19742.0
9404.0
11901.0
5574.0
19477.0
11191.0
8490.0
9834.0
28304.0
29267.0
10386.0
9603.0
11599.0
18376.0
14508.0
4741.0
19735.0
13624.0
19557.0
5863.0
11997.0
18595.0
8506.0
20053.0
10776.0
12452.0
7060.0
19651.0
10002.0
2004.0
9651.0
27486.0
587.0
15237.0
5190.0
3331.0
13449.0
11534.0
10003.0
10012.0
19293.0
10005.0
30030.0
28759.0
19475.0
29968.0
19184.0
11718.0
3536.0
36203.0
11033.0
2587.0
13097.0
14129.0
12003.0
18700.0
3511.0
10040.0
33385.0
31433.0
27293.0
22702.0
13764.0
10037.0
18088.0
10043.0
19049.0
19965.0
654.0
6606.0
14345.0
21143.0
19966.0
19937.0
20239.0
1226.0
28495.0
8997.0
8254.0
14029.0
15850.0
10124.0
9732.0
19309.0
9937.0
10032.0
10036.0
10282.0
10987.0
18856.0
14331.0
24577.0
9922.0
12079.0
7836.0
11231.0
8807.0
16099.0
14174.0
9333.0
13264.0
10105.0
17155.0
10686.0
9854.0
18691.0
10698.0
26082.0
6969.0
6740.0
9819.0
18305.0
20068.0
8488.0
19633.0
11722.0
17489.0
9797.0
6907.0
8402.0
10510.0
18548.0
10070.0
8034.0
10126.0
15240.0
13674.0
11372.0
35928.0
41780.0
20003.0
6445.0
10838.0
18933.0
5165.0
20024.0
12475.0
9989.0
7932.0
10320.0
8017.0
20069.0
9635.0
17471.0
1121.0
7622.0
29464.0
24254.0
21945.0
6950.0
10281.0
21753.0
5519.0
19456.0
14772.0
7022.0
9824.0
8213.0
11569.0
25023.0
17510.0
10959.0
17340.0
14748.0
16203.0
11559.0
12482.0
12968.0
3067.0
13549.0
23145.0
26409.0
19048.0
20233.0
19837.0
5232.0
20051.0
1448.0
5540.0
18377.0
15046.0
4831.0
6071.0
9417.0
9847.0
10257.0
11362.0
18288.0
15389.0
6947.0
10462.0
6761.0
10523.0
18587.0
9959.0
9204.0
29635.0
5009.0
4076.0
18888.0
20096.0
1446.0
17523.0
13152.0
6180.0
14867.0
4946.0
19497.0
10747.0
10224.0
18817.0
20065.0
14772.0
13597.0
11902.0
15381.0
14161.0
52946.0
33857.0
49170.0
29652.0
49941.0
40088.0
28712.0
29787.0
20176.0
20017.0
9273.0
4871.0
15195.0
16200.0
23556.0
9935.0
20092.0
1448.0
18628.0
10018.0
10582.0
10501.0
19136.0
9776.0
21839.0
6902.0
9634.0
18955.0
10294.0
19754.0
8184.0
20125.0
19811.0
19094.0
20303.0
18828.0
10069.0
19843.0
14529.0
14744.0
19928.0
4292.0
14766.0
10780.0
19739.0
10969.0
38644.0
20007.0
29994.0
9972.0
10008.0
19957.0
19917.0
19231.0
20019.0
10126.0
10221.0
8890.0
9361.0
9748.0
17156.0
19977.0
10182.0
8724.0
12037.0
17965.0
19754.0
19598.0
30359.0
3957.0
20034.0
10042.0
19861.0
645.0
19501.0
19075.0
645.0
9417.0
7022.0
20137.0
9810.0
17394.0
17971.0
11423.0
17399.0
14308.0
7258.0
13002.0
12328.0
10117.0
10375.0
8744.0
7733.0
16351.0
6495.0
20244.0
8143.0
2950.0
4693.0
20131.0
7813.0
9889.0
29199.0
10112.0
29012.0
12449.0
7777.0
18740.0
20125.0
18921.0
20098.0
19990.0
18021.0
2227.0
8611.0
12403.0
2702.0
30051.0
10808.0
28482.0
17941.0
9989.0
18948.0
630.0
19460.0
14009.0
9996.0
10420.0
10415.0
7417.0
10959.0
10132.0
12553.0
20754.0
6056.0
10144.0
14110.0
